Dataset = Dnd Two-Handed OREBA; Detections given in seconds from start of data
62.22
67.47
88.38
91.00
104.78
117.62
124.66
138.06
157.28
175.38
185.59
187.66
202.19
204.91
224.69
238.94
241.47
257.97
277.28
287.59
289.84
296.50
313.00
322.09
332.59
343.09
361.56
415.94
554.69
557.59
576.06
602.97
611.88
643.47
678.06
688.38
743.69
773.50
792.72
832.47
854.78
886.09
889.47
893.03
908.69
914.97
921.62
927.25
929.88
935.69
938.88
944.59
946.94
949.09
965.22
972.72
977.22
982.47
987.81
990.25
992.78
1006.28
1008.53
1015.75
1023.06
1025.88
1030.75
1033.84
1037.03
1039.56
1043.97
1046.50
1050.34
1057.75
1068.44
1074.06
1092.53
1106.59
1115.88
1119.34
1122.81
1127.03
1130.59
1137.53
1144.66
1155.16
