Dataset = Dnd Two-Handed OREBA; Detections given in seconds from start of data
45.97
59.00
72.97
83.19
99.78
109.91
111.88
131.38
134.84
144.41
160.34
167.66
176.66
187.06
200.47
212.75
234.88
269.84
278.09
297.12
305.19
313.25
319.34
328.34
334.44
347.75
352.25
354.50
375.59
392.66
396.22
407.38
419.84
428.19
432.22
438.97
443.19
445.44
449.47
472.25
479.75
483.22
488.19
506.19
517.25
522.03
528.50
536.75
545.66
552.69
558.59
561.97
564.88
570.69
573.88
590.66
600.69
604.06
696.41
699.88
709.81
720.03
726.12
728.94
741.12
785.19
