Dataset = OREBA (One Hand); RollThresh [deg/sec] = 10.0; Time2Thresh [sec] = 8.0; Detections given in seconds from start of data
38.20
51.84
65.28
76.06
87.19
100.88
117.42
128.52
139.92
162.22
182.03
199.61
210.66
233.94
245.98
257.27
267.36
283.94
294.95
306.69
317.84
328.83
347.09
359.12
374.91
385.64
396.09
411.47
424.88
435.25
448.03
458.05
468.06
479.39
497.70
507.86
519.45
533.52
544.53
559.59
573.30
585.64
600.16
612.39
622.41
635.12
647.81
658.41
672.83
684.52
703.84
713.91
723.92
735.48
754.62
770.06
780.41
809.59
821.20
831.22
846.45
856.47
866.48
877.81
891.61
907.67
