Dataset = OREBA (One Hand); RollThresh [deg/sec] = 10.0; Time2Thresh [sec] = 8.0; Detections given in seconds from start of data
59.00
69.36
80.70
91.36
101.83
112.67
128.31
138.42
149.88
163.50
173.73
186.95
198.70
208.77
218.78
231.11
241.84
252.91
265.89
279.17
291.09
302.64
313.38
326.06
337.89
348.56
360.33
377.64
388.81
400.00
411.98
465.02
508.36
549.52
564.75
586.73
604.38
631.27
648.84
669.33
683.89
696.64
708.38
726.72
737.50
764.95
776.14
790.22
801.77
816.42
827.02
841.23
855.45
874.97
909.52
921.36
931.38
941.39
958.20
970.56
993.78
1034.69
1045.22
1082.48
1096.28
1106.83
1116.86
1128.53
1140.08
1152.25
