Dataset = OREBA (One Hand); RollThresh [deg/sec] = 10.0; Time2Thresh [sec] = 8.0; Detections given in seconds from start of data
16.31
27.33
40.03
50.48
70.39
81.14
91.80
102.48
132.31
153.45
185.84
196.50
210.06
232.06
251.42
263.16
283.67
303.78
326.66
341.02
354.19
367.58
378.92
408.86
420.14
435.56
446.36
456.52
471.44
482.36
493.36
507.73
518.34
529.36
544.80
565.88
589.69
611.88
669.92
692.20
702.22
713.50
728.05
741.98
764.09
774.53
784.55
804.02
822.44
834.28
860.95
874.59
892.38
905.11
916.47
927.95
941.69
958.69
972.08
986.56
1000.88
1020.77
1040.22
1052.33
1062.34
1074.91
1085.22
1097.75
1109.36
1121.78
