Dataset = OREBA (One Hand); RollThresh [deg/sec] = 10.0; Time2Thresh [sec] = 8.0; Detections given in seconds from start of data
46.27
58.92
95.27
128.53
161.47
172.02
184.19
198.14
209.97
220.30
231.14
241.70
255.36
268.75
278.77
289.88
302.59
321.19
331.20
356.77
368.08
381.39
399.47
417.38
427.39
437.69
451.05
463.69
475.34
511.53
535.64
550.77
563.09
578.00
588.02
602.77
617.05
627.72
637.91
647.92
667.91
681.16
700.62
710.72
735.31
745.33
759.64
774.39
785.98
797.84
807.86
817.88
834.73
844.92
857.86
868.03
880.91
904.06
917.09
927.20
945.55
957.52
968.52
984.84
996.39
1008.22
1041.70
1055.27
1066.52
1078.80
1096.59
1107.44
1120.27
1131.95
1142.73
1161.38
1173.89
