Dataset = OREBA (One Hand); RollThresh [deg/sec] = 10.0; Time2Thresh [sec] = 8.0; Detections given in seconds from start of data
9.72
20.23
31.59
59.53
72.70
100.75
123.53
143.89
166.69
176.70
187.19
197.77
209.70
233.50
244.77
255.02
265.03
275.27
288.27
299.70
322.77
344.08
354.20
375.62
398.55
416.05
429.41
444.94
457.70
470.31
483.20
498.94
509.89
520.41
532.17
545.25
560.14
571.77
599.72
609.89
620.06
642.75
654.22
681.94
698.42
714.98
730.45
741.69
776.59
800.39
815.44
832.30
847.61
867.95
879.19
898.81
909.92
924.31
934.33
947.06
957.08
967.09
