Dataset = OREBA (One Hand); RollThresh [deg/sec] = 10.0; Time2Thresh [sec] = 8.0; Detections given in seconds from start of data
54.88
79.28
105.31
123.97
135.08
147.59
167.73
179.61
196.62
206.67
231.48
249.98
266.53
283.11
296.64
312.89
325.77
339.45
354.84
374.66
385.19
404.39
422.34
439.11
452.16
465.19
493.38
507.86
518.61
535.41
549.92
563.78
580.83
601.80
611.97
624.27
638.62
649.67
660.89
678.05
692.89
705.84
716.78
729.61
746.80
759.44
786.02
802.27
812.28
827.47
838.28
848.41
858.42
868.61
880.64
894.08
911.30
922.67
937.81
950.48
964.19
974.30
985.19
1006.58
1017.88
1034.08
1046.14
1063.81
1073.83
1092.08
1102.72
1115.91
