Dataset = OREBA (One Hand); RollThresh [deg/sec] = 10.0; Time2Thresh [sec] = 8.0; Detections given in seconds from start of data
38.00
53.08
63.80
93.72
106.33
118.02
132.44
151.52
190.69
203.61
220.45
235.11
250.70
268.17
284.61
295.62
315.56
331.70
350.30
362.44
373.36
391.44
402.30
415.61
434.16
444.94
456.00
466.23
495.27
507.45
525.20
536.28
555.19
565.20
585.77
597.59
613.80
624.12
635.80
645.81
657.73
671.56
682.64
696.33
709.77
724.45
736.94
754.97
768.28
783.91
796.84
809.33
827.09
845.14
856.19
866.55
878.81
889.72
901.69
923.02
948.77
964.45
990.28
1009.67
1026.42
1036.44
1053.53
1066.61
1088.30
1103.67
