Dataset = OREBA (One Hand); RollThresh [deg/sec] = 10.0; Time2Thresh [sec] = 8.0; Detections given in seconds from start of data
39.81
53.08
70.08
81.50
94.02
104.11
117.80
129.77
139.78
149.98
162.58
173.67
187.38
201.41
215.16
227.77
241.75
253.00
263.88
291.44
301.45
312.59
326.09
336.11
350.72
362.33
374.27
385.72
396.67
407.61
423.92
435.34
446.20
457.47
487.94
502.53
519.08
530.25
542.09
574.28
587.27
599.50
613.50
631.11
667.27
680.22
704.22
730.38
740.83
750.84
761.38
775.92
788.66
799.33
809.36
825.75
836.95
847.00
857.39
875.91
