Dataset = OREBA (One Hand); RollThresh [deg/sec] = 10.0; Time2Thresh [sec] = 8.0; Detections given in seconds from start of data
40.48
52.55
68.72
80.08
94.05
105.16
115.95
133.31
148.36
160.48
193.86
209.06
224.83
244.34
257.17
267.42
284.28
305.86
319.41
331.69
351.33
361.34
373.38
384.17
400.00
413.27
427.58
439.38
468.00
490.77
510.11
522.25
534.31
548.02
561.17
573.44
602.55
615.00
628.48
640.92
658.02
679.59
701.28
725.69
753.91
765.62
776.17
788.92
803.92
822.48
837.91
867.06
884.39
902.47
929.61
941.48
956.61
968.17
980.66
995.36
1006.38
1021.66
1033.12
1053.81
1073.89
1093.05
1103.17
1113.19
1128.62
1141.67
1154.66
1174.12
1196.08
1206.50
1218.78
1247.69
