Dataset = OREBA (One Hand); RollThresh [deg/sec] = 10.0; Time2Thresh [sec] = 8.0; Detections given in seconds from start of data
97.38
115.23
126.20
136.22
159.81
177.95
192.05
203.36
219.30
231.72
248.23
258.36
277.06
291.44
309.22
322.20
343.56
356.64
373.66
391.48
402.39
413.58
423.59
447.33
459.30
474.14
501.73
513.73
525.39
535.41
550.39
574.44
584.45
628.92
641.69
653.66
668.72
692.86
704.44
721.59
743.06
755.94
766.72
778.02
788.03
813.84
823.86
851.61
864.34
878.58
896.20
917.88
931.11
961.72
1029.19
1049.38
1066.02
1080.59
1096.62
1109.58
1125.17
1162.64
1174.27
1195.94
1206.38
