Dataset = OREBA (One Hand); RollThresh [deg/sec] = 10.0; Time2Thresh [sec] = 8.0; Detections given in seconds from start of data
16.41
28.14
45.02
57.81
69.91
96.41
107.70
125.59
139.22
150.39
164.94
180.34
196.53
222.98
244.08
261.31
277.97
294.05
306.34
319.06
338.31
351.88
373.09
386.02
401.42
413.53
426.52
439.92
459.48
471.50
489.73
501.36
511.38
533.66
545.02
556.78
567.17
578.53
595.03
616.52
629.59
644.80
657.55
667.56
679.53
695.86
719.78
742.20
754.14
766.50
776.66
786.67
799.72
811.53
823.14
836.17
846.55
862.25
873.62
891.75
908.33
922.00
932.02
946.31
956.33
978.95
994.20
1008.53
1018.95
