Dataset = OREBA (One Hand); RollThresh [deg/sec] = 10.0; Time2Thresh [sec] = 8.0; Detections given in seconds from start of data
30.56
42.25
53.48
65.69
76.72
86.73
109.02
126.42
138.28
149.95
163.42
181.45
192.73
202.92
216.47
229.77
250.36
266.02
311.34
327.58
348.38
358.69
377.36
403.64
433.45
453.70
474.11
487.84
498.80
517.16
536.02
557.41
568.16
579.88
593.25
604.47
614.81
624.83
635.53
646.05
658.58
680.75
696.86
706.88
720.61
737.84
758.31
768.80
778.81
794.72
805.84
820.55
830.97
841.03
851.80
861.81
872.08
882.09
894.61
914.81
931.86
955.20
968.33
979.47
995.91
1022.59
1035.61
1047.70
1077.70
1088.89
1100.45
1110.77
1122.23
1132.25
1143.38
