Dataset = OREBA (One Hand); RollThresh [deg/sec] = 10.0; Time2Thresh [sec] = 8.0; Detections given in seconds from start of data
28.83
47.30
58.25
68.47
86.83
99.73
109.75
121.66
134.34
148.39
163.33
175.89
186.69
200.75
210.77
221.44
239.73
251.11
261.69
282.45
295.28
305.41
319.38
339.19
374.19
389.59
399.61
413.72
425.77
438.41
452.78
462.80
474.62
493.86
509.80
527.20
539.45
551.55
568.94
581.00
592.98
609.28
627.45
643.72
654.05
664.38
678.06
692.52
705.73
718.33
734.58
744.89
754.91
769.27
782.95
795.08
815.19
831.34
842.28
853.44
864.14
875.30
886.44
896.69
908.80
920.86
934.69
945.17
955.75
970.02
982.53
1003.06
1016.97
1030.31
1044.56
1057.28
1069.80
1092.95
1103.69
1115.53
1130.72
1147.36
1180.53
1199.17
