Dataset = OREBA (One Hand); RollThresh [deg/sec] = 10.0; Time2Thresh [sec] = 8.0; Detections given in seconds from start of data
9.59
24.95
37.08
47.94
58.83
68.84
81.61
93.20
109.53
123.03
135.77
155.92
166.94
185.03
195.39
211.88
222.58
235.36
253.47
264.45
275.53
289.61
300.58
314.05
339.06
349.08
370.98
381.33
396.39
408.58
418.80
435.03
450.58
461.73
478.19
494.41
504.64
521.91
533.12
548.61
561.47
578.06
591.25
604.33
629.47
643.23
668.55
681.28
699.06
711.25
729.78
754.36
767.38
777.39
794.98
809.89
823.77
839.45
849.69
863.28
881.23
893.08
