Dataset = OREBA (One Hand); RollThresh [deg/sec] = 10.0; Time2Thresh [sec] = 8.0; Detections given in seconds from start of data
3.25
19.55
31.08
43.17
63.69
74.09
84.41
96.81
110.33
124.22
139.14
149.28
165.00
183.45
195.86
207.72
225.25
246.83
260.45
277.97
288.20
302.88
315.06
325.08
337.09
349.88
367.95
382.80
398.22
408.91
420.70
431.11
442.47
457.33
467.34
477.97
492.19
502.95
513.83
523.84
534.45
550.25
560.47
575.16
586.81
600.52
614.23
631.31
647.12
668.77
698.81
711.28
739.42
755.58
765.64
781.44
791.45
810.91
820.92
844.55
856.27
867.55
881.45
891.84
902.50
912.52
927.97
940.80
951.69
964.22
974.23
990.45
1005.08
1020.52
1031.91
