Dataset = Dom Clemson(Dom GT Only); Detections given in seconds from start of data
174.00
185.47
192.93
202.53
210.93
214.27
218.93
222.40
229.20
274.13
278.27
282.93
305.60
312.00
316.53
323.73
333.73
339.87
348.93
358.00
364.80
376.00
380.40
386.27
396.67
406.27
416.53
425.07
467.73
472.93
478.53
485.87
494.00
496.27
503.87
513.47
517.47
525.87
536.53
543.07
546.67
555.47
557.33
568.40
593.47
611.20
613.47
621.87
631.60
634.13
648.13
665.47
683.73
706.40
739.60
753.87
783.47
804.67
816.67
824.67
834.00
881.07
899.07
926.00
936.93
946.27
948.67
966.93
970.27
975.33
982.27
992.80
1001.47
1021.47
1031.33
1041.47
1046.40
1049.47
1055.87
1059.60
1068.80
1082.80
1087.73
1094.00
1100.93
1109.20
1118.80
1132.53
1140.00
1173.60
1180.67
1189.07
1202.40
1221.73
1233.73
1240.27
1257.73
1271.60
1280.27
