Dataset = Dom Clemson(Dom GT Only); Detections given in seconds from start of data
149.07
195.87
220.00
224.00
225.60
254.80
259.47
262.93
272.00
277.07
327.60
336.27
342.13
365.60
418.93
432.93
442.13
466.53
475.47
487.33
502.27
536.67
538.93
542.40
549.47
551.87
560.27
570.53
576.53
593.33
601.33
605.87
610.67
622.40
631.20
662.00
665.73
673.07
707.20
713.20
719.47
723.47
730.00
775.60
786.67
791.07
794.93
801.33
841.33
873.20
878.00
887.33
891.73
898.80
937.33
940.00
966.53
981.47
990.40
996.67
1005.20
1009.20
1036.27
1044.27
1048.13
1052.27
1081.60
1084.67
1130.40
1134.93
1141.73
1153.33
1168.93
1177.07
1178.27
1189.47
1203.33
1226.93
1230.27
1232.67
1236.13
1239.87
1245.33
1273.47
1310.93
1324.80
1329.33
1333.87
1360.93
1364.27
1369.07
1373.20
1386.93
1434.93
1440.00
1464.67
1492.53
1496.53
1551.87
1554.13
1590.00
1593.07
1595.60
1600.13
1621.07
1702.80
1724.40
1727.87
1732.00
