Dataset = Dom Clemson(Dom GT Only); Detections given in seconds from start of data
1.07
12.13
38.53
44.93
66.67
78.67
89.33
100.53
107.20
161.33
175.07
199.60
210.00
217.07
217.47
222.80
227.73
234.00
239.73
247.07
255.07
256.53
273.73
279.87
285.73
290.67
294.67
301.73
311.33
317.33
322.93
326.53
333.07
344.67
357.73
366.80
375.20
378.53
384.67
388.27
399.60
402.27
416.67
424.40
436.93
445.20
448.53
463.73
472.93
481.60
492.00
493.60
496.13
503.60
531.60
546.27
560.40
565.87
566.40
570.40
573.73
578.40
586.80
595.20
602.13
607.47
613.33
630.13
637.47
642.00
645.60
648.67
652.00
662.80
666.67
672.13
676.27
679.33
682.40
684.80
686.53
689.20
699.20
712.80
771.07
780.93
781.73
786.53
787.07
792.53
