Dataset = Dom Clemson(Dom GT Only); Detections given in seconds from start of data
13.33
224.13
229.20
245.07
258.13
268.67
281.47
287.60
309.47
331.87
335.73
359.73
365.87
381.33
401.33
409.47
420.80
426.40
438.13
449.60
456.40
458.40
471.20
474.00
479.87
492.27
497.87
503.87
512.67
521.87
533.73
540.40
545.47
551.20
561.07
574.80
580.27
586.67
593.60
610.53
622.93
628.93
643.47
655.73
661.07
663.73
668.40
677.07
683.20
689.60
721.87
744.00
752.40
769.60
784.27
794.67
801.47
819.60
851.87
863.47
868.67
888.67
893.87
900.40
906.00
911.33
920.93
931.33
988.93
1002.00
1006.80
1010.13
1017.33
1021.87
1039.73
1044.00
1051.60
1056.80
1062.53
1068.67
1075.73
1081.20
1087.73
1094.40
1101.60
1109.47
1120.93
1132.27
1138.67
1144.27
1149.60
1155.20
1161.60
1169.87
1177.20
1184.93
1190.53
1223.73
1230.53
1237.20
1241.87
1249.60
1262.27
1274.40
1282.67
1288.00
1294.80
1304.93
1310.80
1316.93
1324.00
1333.47
1345.73
1350.13
1359.33
1367.07
1373.87
1383.20
1389.73
1395.47
1431.33
1440.80
1447.47
1453.73
1480.80
1487.73
1495.33
1502.40
1525.07
1538.53
1583.20
1593.73
1604.53
1609.07
1617.60
1672.93
1691.20
1732.80
1833.07
1846.53
