Dataset = Dom Clemson(Dom GT Only); Detections given in seconds from start of data
42.67
48.40
54.53
59.73
72.80
88.80
108.93
118.13
133.20
137.07
142.40
154.00
177.20
185.47
214.93
234.27
256.13
263.20
269.07
285.47
299.47
302.13
309.87
316.27
326.13
331.47
336.53
344.93
364.67
376.27
382.80
393.20
402.53
409.73
419.33
429.20
438.40
447.47
466.13
476.27
485.87
497.07
513.20
516.53
530.53
545.20
554.67
567.07
580.93
592.27
602.00
615.47
628.40
634.13
645.07
658.80
662.93
671.60
674.53
684.80
702.80
709.73
718.40
726.93
730.80
736.67
746.93
759.60
777.47
783.60
787.60
810.27
844.80
868.80
881.33
885.73
891.33
904.53
918.13
921.87
929.73
941.20
949.47
961.73
971.47
983.47
989.20
1000.93
1002.40
1012.00
1021.47
1028.27
1033.47
1034.80
1040.80
1045.07
1054.40
1061.60
1068.80
1083.73
1092.13
1110.93
1117.47
1121.20
1132.93
1142.40
1160.80
1166.27
1175.33
1182.40
1188.00
1195.33
1200.00
1208.67
1216.27
1225.87
1229.47
1239.87
1244.93
1257.20
1263.73
1268.40
1272.00
1275.33
1282.13
1285.47
1289.60
1305.47
1318.93
1332.80
