Dataset = Dom Clemson(Dom GT Only); Detections given in seconds from start of data
76.40
83.20
93.33
103.73
131.07
170.53
198.93
230.67
272.00
301.60
346.93
391.60
460.80
491.20
508.93
530.80
568.80
583.60
588.13
610.67
634.80
651.20
685.33
708.53
735.07
744.40
785.60
801.47
821.07
849.60
871.60
886.00
889.87
908.67
941.33
966.80
969.20
985.87
1001.87
1045.87
1071.33
1078.80
1111.07
1147.33
1157.60
1166.80
1181.47
1204.00
1214.00
1242.80
1258.00
1273.47
1286.53
1317.87
1326.53
1345.87
1364.40
1386.53
1394.67
1430.27
1467.73
1530.27
1553.20
1586.40
1601.47
1630.93
1649.87
1662.27
1672.27
1728.00
1755.87
1772.00
1804.13
1826.80
1850.93
1871.33
1903.33
1930.67
1957.87
2012.40
2046.93
2078.13
2098.80
2120.40
2136.93
2222.67
