Dataset = Dom Clemson(Dom GT Only); Detections given in seconds from start of data
232.80
293.47
300.00
302.27
304.27
307.73
318.27
388.93
430.40
464.67
470.27
471.73
481.07
498.40
504.27
514.40
523.20
545.20
550.00
563.60
615.07
623.20
626.67
681.47
722.67
737.20
762.40
768.40
775.60
788.67
794.80
796.53
801.73
810.00
829.20
832.93
840.93
858.13
860.93
865.20
872.67
880.27
896.80
901.07
910.00
920.93
926.53
941.07
957.73
973.33
982.53
988.93
995.33
1000.40
1005.87
1013.87
1022.13
1031.60
1039.07
1041.73
1047.33
1056.40
1058.67
1061.20
1086.80
1098.93
1120.40
1152.67
1175.07
1206.67
1235.87
1238.53
1246.80
1283.07
1296.40
1300.13
1303.47
1308.67
1329.07
1330.93
1335.33
1340.40
1360.67
1394.67
1406.40
1430.67
1461.07
1467.47
1477.07
1482.27
1498.67
1506.00
1517.47
1531.87
1538.80
1543.33
1553.20
1555.73
1569.07
1579.33
1588.93
1596.27
1603.87
1608.67
1614.13
1619.07
1623.73
