Dataset = Dom Clemson(Dom GT Only); Detections given in seconds from start of data
69.07
79.73
86.53
120.27
130.93
147.60
160.27
165.33
182.00
187.87
196.00
203.60
215.20
224.93
246.80
258.13
265.07
270.27
274.00
284.67
293.60
323.07
326.53
330.40
333.47
338.80
343.73
348.00
353.47
357.33
368.40
378.13
386.00
391.07
406.00
469.73
478.27
486.40
503.47
518.80
527.20
537.47
552.67
565.07
584.27
594.13
633.07
652.27
731.73
770.67
806.40
819.73
838.80
887.47
892.13
951.33
977.73
983.33
1001.20
1041.47
1054.40
1058.13
1061.33
1063.60
1066.00
1076.27
1083.73
1093.20
1102.93
1119.73
1124.67
1131.47
1135.33
1142.00
1144.80
1148.93
1163.07
1167.20
1170.00
1174.40
1182.27
1190.27
1253.33
1264.80
1268.13
1291.20
1295.87
1307.73
1310.67
1318.40
1331.33
1345.60
1356.80
1380.93
1386.67
1405.87
1410.53
1418.40
1423.20
1430.27
1446.67
1456.80
1463.20
1470.53
1477.73
1481.73
1490.93
1493.33
1500.00
1514.40
1536.00
1552.00
1604.53
1614.40
1664.27
1672.80
1748.00
