Dataset = Dom Clemson(Dom GT Only); Detections given in seconds from start of data
73.60
82.27
104.40
140.27
145.73
156.27
164.13
177.60
183.33
190.53
216.27
219.73
256.27
309.60
328.27
336.93
348.00
359.33
361.20
364.00
377.20
391.07
408.00
419.87
446.93
453.60
459.33
472.13
479.73
490.67
501.60
513.07
526.67
547.87
560.53
569.20
573.20
582.27
594.93
600.67
611.47
617.07
636.13
655.07
664.80
671.33
680.13
700.00
710.27
721.07
730.80
737.47
761.73
765.47
810.80
824.27
829.33
836.67
848.80
859.60
867.07
876.40
892.67
902.93
926.53
931.20
939.87
956.93
972.00
986.27
994.53
1022.53
1057.60
1077.20
1083.07
1093.47
1095.33
1106.40
1115.60
1124.27
1130.40
1139.33
1146.80
1159.07
1167.33
1204.53
1247.20
1305.73
1313.33
1318.53
1339.07
1350.53
1363.60
1368.27
1372.80
1376.27
1385.47
