Dataset = Dom Clemson(Dom GT Only); Detections given in seconds from start of data
34.53
40.00
47.33
52.93
61.47
65.47
70.00
74.13
82.13
94.67
106.13
116.27
123.87
129.87
137.20
143.33
154.80
161.73
170.40
177.87
187.33
193.73
201.33
207.07
220.27
243.07
253.47
263.87
274.67
285.73
291.07
298.67
300.53
307.60
314.80
323.07
330.93
337.47
342.13
356.67
367.20
375.73
386.80
394.80
401.60
408.93
411.60
415.07
418.40
424.93
441.87
447.73
453.33
460.27
468.27
480.93
493.60
500.00
501.60
513.73
523.73
530.80
537.47
543.60
548.27
564.67
574.00
578.40
597.33
601.87
610.27
620.67
631.20
636.00
643.20
650.93
661.73
672.53
686.00
703.47
714.80
729.87
741.60
749.20
756.67
773.60
783.07
791.20
800.53
814.13
818.53
830.67
838.93
845.20
849.47
868.93
874.80
879.60
890.27
894.93
903.33
