Dataset = Dom Clemson(Dom GT Only); Detections given in seconds from start of data
57.33
327.47
341.87
349.07
356.27
365.20
378.40
393.33
415.47
423.73
443.73
457.33
464.67
479.60
497.60
504.93
521.47
530.93
562.80
586.40
609.33
620.13
625.47
654.27
677.07
681.33
687.33
701.73
716.13
722.40
731.07
736.00
741.60
763.87
793.47
796.53
814.40
831.60
844.80
858.80
862.67
877.07
886.93
904.00
915.33
931.73
954.00
968.13
988.53
1005.47
1023.33
1037.33
1072.67
1088.93
1114.67
1182.00
1211.73
1270.53
1296.93
1411.20
1414.93
1472.80
1568.93
1634.93
1691.20
1714.93
1748.93
1853.87
1921.60
1947.87
1959.87
1975.87
1995.20
2019.20
2021.73
2112.13
2180.80
2202.93
2222.27
2236.27
2240.40
2259.73
2264.93
2277.60
2285.73
2429.87
2471.07
2477.60
