Dataset = Dom Clemson(Dom GT Only); Detections given in seconds from start of data
118.80
142.53
164.93
187.33
208.40
241.73
251.33
350.80
361.33
373.33
411.47
427.20
440.13
455.20
474.93
525.20
534.27
553.60
561.60
586.80
596.67
602.93
607.73
615.73
621.73
645.33
655.20
664.93
675.73
692.53
705.07
715.73
725.07
735.07
741.33
762.53
766.27
769.73
773.07
796.13
804.13
809.20
818.13
825.07
840.80
852.00
859.07
868.27
889.47
904.40
908.67
915.87
943.20
956.93
975.87
987.73
1021.60
1026.53
1048.80
1060.13
1089.87
1098.80
1110.67
1117.47
1131.73
1140.67
1146.13
1164.40
1179.07
1190.93
1194.13
1206.53
1216.67
1227.20
1240.53
1265.07
1272.53
1286.40
1330.93
1351.47
1365.87
1377.20
1380.53
1430.80
1450.80
1487.20
1494.27
1499.20
1512.93
1547.47
1555.33
1580.53
1592.80
1617.73
1628.80
1650.13
1676.40
1684.53
1696.40
1698.67
1722.00
1729.47
1730.67
1749.07
1754.40
1772.67
