Dataset = Clemson; RollThresh [deg/sec] = 10.0; Time2Thresh [sec] = 6.0; Detections given in seconds from start of data
139.40
165.00
174.53
184.40
203.47
213.40
222.73
236.20
248.80
257.87
272.07
283.33
291.53
300.80
311.00
345.20
359.87
371.20
385.40
394.40
403.73
413.67
423.07
435.40
445.53
470.40
482.60
493.33
501.60
515.80
526.93
535.00
549.53
568.00
576.13
590.60
599.07
622.73
649.40
658.27
681.47
720.87
733.00
748.53
758.87
768.67
778.60
794.33
803.67
816.20
824.80
833.93
842.00
853.53
870.33
878.73
887.20
903.40
912.27
921.07
947.80
967.60
976.93
987.40
996.73
1007.47
1017.07
1025.80
1037.60
1047.60
1059.13
1071.53
1080.27
1090.20
1100.47
1109.13
1117.20
1126.40
1134.47
1153.07
1169.80
1182.20
1190.27
1198.87
1207.07
1220.07
1250.40
1274.47
