Dataset = Clemson; RollThresh [deg/sec] = 10.0; Time2Thresh [sec] = 6.0; Detections given in seconds from start of data
136.87
145.80
155.47
172.47
192.73
213.00
224.67
233.53
248.87
259.20
267.27
276.40
288.07
306.27
316.27
336.87
347.07
356.33
365.60
386.87
400.67
411.93
425.13
434.00
445.47
458.13
472.93
481.27
489.93
503.40
511.93
527.20
540.33
559.00
570.73
580.20
592.53
604.67
612.73
623.27
637.53
650.33
659.00
667.07
683.27
701.27
709.53
723.20
757.73
766.67
776.13
793.00
803.87
818.73
826.80
848.87
867.73
902.67
912.47
930.47
940.33
952.07
961.87
970.47
984.67
1005.20
1018.93
1029.80
1040.53
1072.87
1082.27
