Dataset = Clemson; RollThresh [deg/sec] = 10.0; Time2Thresh [sec] = 6.0; Detections given in seconds from start of data
127.40
136.00
146.47
163.67
174.60
184.00
200.80
213.80
221.93
235.33
245.87
257.07
265.73
274.80
295.20
307.73
325.07
334.40
344.67
356.07
365.13
375.13
386.27
400.93
413.13
421.20
430.60
445.40
456.33
468.27
476.33
486.07
498.00
509.53
519.67
529.93
538.80
547.07
569.47
580.87
588.93
602.40
616.60
625.40
634.67
642.73
652.00
661.07
673.60
681.67
692.80
703.87
711.93
726.13
734.47
743.07
757.80
768.13
776.20
785.47
794.20
806.80
854.40
