Dataset = Clemson; RollThresh [deg/sec] = 10.0; Time2Thresh [sec] = 6.0; Detections given in seconds from start of data
42.00
50.53
70.13
82.53
91.13
104.33
112.40
121.60
130.67
138.73
147.40
155.87
166.67
178.20
186.67
203.93
214.00
222.33
230.40
241.20
254.93
270.53
280.00
290.60
298.73
308.00
316.87
325.80
334.60
343.60
353.20
364.47
383.73
393.27
405.73
418.07
426.53
441.20
454.80
464.27
472.40
484.87
494.40
511.80
520.27
545.20
556.40
565.67
573.93
586.07
603.07
612.00
623.00
636.27
646.40
655.80
667.60
676.53
687.13
700.33
721.00
734.13
746.53
754.60
772.13
812.73
820.80
835.47
