Dataset = Clemson; RollThresh [deg/sec] = 10.0; Time2Thresh [sec] = 6.0; Detections given in seconds from start of data
36.40
49.80
60.33
69.20
77.27
107.13
115.27
134.40
142.47
150.60
162.00
184.33
195.47
220.60
249.40
300.87
313.00
332.60
349.93
361.73
382.53
391.47
401.33
421.80
434.60
453.53
461.60
471.67
481.53
499.40
526.40
535.93
547.73
564.07
586.53
599.00
626.67
634.73
643.47
652.00
664.07
673.93
684.80
697.00
706.00
716.60
738.40
747.67
758.07
776.00
790.73
803.20
812.87
825.27
855.20
863.53
872.07
880.80
890.60
910.33
918.60
928.40
942.33
951.73
964.27
977.20
989.27
999.47
1009.60
1021.20
1030.47
1045.00
1061.80
1072.00
1082.00
1090.73
1106.40
1116.13
1126.20
1135.67
1145.67
1153.73
1165.60
1174.80
1184.33
1194.73
1204.80
1212.87
1220.93
1230.87
1240.13
1248.67
1256.73
1266.07
1276.47
1287.80
1300.40
1308.47
1320.27
1328.33
