Dataset = Clemson; RollThresh [deg/sec] = 10.0; Time2Thresh [sec] = 6.0; Detections given in seconds from start of data
178.93
193.73
209.60
227.07
236.47
248.53
260.87
275.60
284.87
292.93
308.20
319.60
330.87
339.33
353.07
374.27
389.27
402.93
413.87
447.87
455.93
480.00
496.27
507.73
519.53
532.93
541.53
557.93
574.20
594.13
616.80
637.53
649.47
677.60
697.33
709.07
739.27
754.20
771.53
783.67
804.87
823.00
834.27
847.47
857.80
888.47
897.60
905.67
914.93
932.87
949.93
959.07
969.13
977.20
985.27
994.13
1005.73
1020.20
1030.07
1039.00
1048.60
1058.87
1069.73
1082.87
1091.93
1101.87
1110.33
1119.07
1129.47
1140.13
1148.20
1160.47
1169.60
1178.80
1187.07
1197.93
1210.33
1224.80
1239.80
1253.33
1263.20
1271.47
1287.13
1300.87
1308.93
1317.00
1325.07
1335.40
1345.73
1353.80
1362.20
1378.27
1387.07
1397.00
1461.47
1469.87
