Dataset = Clemson; RollThresh [deg/sec] = 10.0; Time2Thresh [sec] = 6.0; Detections given in seconds from start of data
61.73
99.07
107.73
135.60
149.33
158.87
167.60
175.67
186.80
199.67
207.73
221.47
235.20
244.13
254.80
264.67
272.73
280.80
290.33
306.33
316.87
340.27
352.93
366.27
384.27
402.40
416.33
432.07
443.33
460.67
472.87
485.47
501.27
518.93
528.20
539.67
556.27
568.47
576.67
587.53
598.40
615.33
626.73
634.80
642.87
651.93
661.67
674.00
683.47
691.53
704.40
716.53
727.20
740.33
748.40
761.60
772.40
785.53
793.60
802.07
813.07
821.60
845.60
858.47
870.60
896.27
906.53
946.87
968.93
980.07
1017.07
1025.73
1044.53
1060.80
1087.07
1110.00
1124.33
1135.80
