Dataset = Clemson; RollThresh [deg/sec] = 10.0; Time2Thresh [sec] = 6.0; Detections given in seconds from start of data
118.47
126.67
138.53
161.20
173.60
192.13
203.27
215.80
224.67
234.80
258.00
269.07
277.53
287.27
300.33
308.40
318.93
327.33
339.80
349.33
358.40
369.73
378.33
388.40
407.00
418.60
438.87
450.67
469.67
478.73
492.00
503.87
522.13
539.20
554.40
571.67
595.20
607.40
622.20
632.53
655.20
668.33
701.67
713.40
726.20
741.47
752.67
764.20
772.27
780.73
790.67
800.13
811.67
821.07
834.73
844.13
853.07
863.67
873.07
889.53
900.60
912.40
