Dataset = Clemson; RollThresh [deg/sec] = 10.0; Time2Thresh [sec] = 6.0; Detections given in seconds from start of data
125.60
137.40
150.47
169.27
178.53
210.93
273.40
292.07
300.33
310.80
321.87
330.53
342.27
355.20
364.73
372.80
380.87
393.33
404.00
412.07
421.33
430.87
439.13
454.20
470.13
480.60
497.33
513.67
526.47
538.07
547.07
555.13
563.20
576.33
592.87
602.33
614.60
623.33
635.47
650.73
660.53
670.67
684.80
692.87
711.60
721.80
736.60
765.53
776.13
786.07
802.67
831.07
842.60
854.93
871.60
883.20
894.13
903.40
914.27
923.20
936.53
954.20
967.13
981.20
999.80
1009.13
1027.67
1036.87
1047.47
1064.93
1078.07
1090.67
1102.40
1115.47
1127.93
1141.20
1149.27
1172.00
1187.33
1199.80
1215.00
1226.80
1239.00
1254.47
1277.00
1290.93
1301.87
1328.40
1337.40
1346.20
1374.80
1390.27
1400.33
1409.73
1420.60
1439.20
1448.00
1459.67
1474.33
1492.67
1511.00
1519.27
1537.80
