Dataset = Clemson; RollThresh [deg/sec] = 10.0; Time2Thresh [sec] = 6.0; Detections given in seconds from start of data
105.33
114.00
126.33
135.73
146.67
161.60
178.60
188.20
204.13
212.20
225.00
246.80
263.60
273.53
286.40
294.47
302.93
312.87
327.00
338.87
346.93
360.07
368.13
379.80
388.07
398.67
412.47
421.53
430.73
444.13
455.53
466.60
474.67
483.73
496.27
506.07
514.13
525.13
537.67
548.00
559.00
570.13
584.00
606.73
616.67
628.47
639.13
660.07
670.67
681.20
690.27
700.27
710.73
725.80
750.40
776.13
787.60
796.27
804.33
822.07
832.40
851.67
865.00
877.73
892.80
901.00
935.00
947.07
955.47
988.20
997.33
1006.07
1015.67
1025.27
1033.73
