Dataset = Clemson; RollThresh [deg/sec] = 10.0; Time2Thresh [sec] = 6.0; Detections given in seconds from start of data
66.93
87.67
99.40
108.73
117.80
130.40
138.47
147.47
156.13
168.47
179.73
188.00
196.13
209.13
228.67
236.73
248.33
270.87
279.80
289.00
303.60
315.33
327.60
345.67
354.87
380.07
388.80
400.27
409.20
422.60
452.67
462.07
470.13
483.13
491.20
499.93
509.67
523.67
539.67
561.60
574.93
590.67
600.07
610.27
632.33
646.20
656.53
664.60
672.67
693.20
704.67
719.40
733.73
744.20
756.33
