Dataset = Clemson; RollThresh [deg/sec] = 10.0; Time2Thresh [sec] = 6.0; Detections given in seconds from start of data
131.60
140.40
149.20
167.33
188.00
196.47
208.73
232.13
240.27
255.67
269.93
278.00
291.93
304.60
314.87
327.07
336.73
353.87
366.60
379.40
394.87
404.80
414.87
425.13
439.13
451.20
460.73
468.80
486.27
496.40
504.47
512.80
538.60
549.60
570.87
581.60
591.67
602.27
613.93
625.20
638.13
646.87
661.13
678.13
689.13
699.07
711.60
723.47
737.67
747.93
768.07
790.80
799.80
815.53
826.13
838.20
846.27
854.33
876.67
886.93
895.00
908.87
916.93
925.53
933.67
947.87
969.20
978.93
988.60
998.67
1009.13
1021.47
1032.93
1065.07
1077.53
