Dataset = Clemson; RollThresh [deg/sec] = 10.0; Time2Thresh [sec] = 6.0; Detections given in seconds from start of data
117.80
163.93
231.07
270.00
292.47
302.20
314.73
329.00
345.60
354.13
365.67
376.93
385.13
397.13
406.93
422.80
436.87
450.33
458.87
468.20
481.87
495.00
508.93
517.07
530.33
541.07
549.20
559.33
570.53
579.00
594.00
609.27
622.53
635.40
648.93
667.47
681.87
692.33
700.40
711.47
730.53
740.33
749.00
757.07
766.87
775.13
784.20
801.00
823.93
832.00
843.53
851.60
865.73
874.20
887.47
908.47
916.73
935.73
949.53
962.60
972.13
983.87
1026.27
1045.20
1057.93
1067.47
1075.87
1093.27
1103.40
1118.00
1127.20
1139.53
1151.20
1160.87
1168.93
1183.40
1205.87
1214.80
1222.87
1262.60
1272.13
1281.93
1306.73
1320.40
1340.33
1356.87
1371.87
1382.60
1394.87
1407.00
1422.67
1444.20
1456.60
1475.53
1488.07
1501.93
1512.93
1522.93
1537.27
1555.93
1568.20
1577.20
1587.67
