Dataset = Clemson; RollThresh [deg/sec] = 10.0; Time2Thresh [sec] = 6.0; Detections given in seconds from start of data
92.13
101.53
114.27
130.60
139.67
150.33
161.13
174.27
185.53
197.33
210.93
224.33
235.13
244.20
256.67
266.87
274.93
286.73
295.27
303.33
325.13
333.27
341.33
352.93
364.73
377.53
385.60
398.53
410.13
420.40
434.67
442.93
456.53
472.53
487.47
496.33
505.93
514.00
528.47
543.53
567.53
584.33
592.47
600.53
613.93
625.73
634.93
645.67
674.40
683.47
693.80
704.20
713.13
721.20
732.07
778.87
818.87
