Dataset = Clemson; RollThresh [deg/sec] = 10.0; Time2Thresh [sec] = 6.0; Detections given in seconds from start of data
59.40
76.73
89.80
109.73
125.60
146.93
161.13
176.73
188.53
225.20
244.00
268.00
280.27
290.07
299.67
311.80
343.20
352.00
372.27
380.33
440.80
449.07
458.20
470.40
488.07
497.47
510.33
525.13
559.87
580.67
588.87
614.53
634.53
652.20
664.93
677.40
694.07
704.40
719.13
729.20
747.73
769.53
789.20
817.87
827.47
835.53
846.60
854.67
865.67
874.40
886.93
895.93
929.87
949.67
964.40
973.93
982.00
1003.47
1013.07
1023.13
1047.13
1055.20
1072.27
1090.40
1099.53
