Dataset = Clemson; RollThresh [deg/sec] = 10.0; Time2Thresh [sec] = 6.0; Detections given in seconds from start of data
37.27
45.33
56.27
118.20
127.67
150.80
159.53
169.53
183.13
194.73
204.53
215.60
225.13
235.20
243.27
252.27
261.27
272.80
282.47
294.33
303.93
314.33
325.73
333.80
343.00
364.40
375.53
384.60
396.00
404.07
422.73
431.53
471.53
481.47
495.07
510.60
519.20
532.27
541.93
553.20
567.13
580.67
592.27
611.27
630.60
640.47
649.07
659.60
672.87
689.87
700.20
753.07
768.27
819.33
828.13
839.60
852.20
877.00
891.07
900.40
917.20
