Dataset = Clemson; RollThresh [deg/sec] = 10.0; Time2Thresh [sec] = 6.0; Detections given in seconds from start of data
61.00
80.07
88.13
98.87
111.60
120.00
141.40
152.00
164.07
178.53
189.87
201.40
209.47
221.33
236.20
245.93
255.87
271.33
283.67
291.73
326.80
344.33
354.73
369.20
385.93
395.80
414.40
423.33
441.07
451.87
465.13
478.60
489.40
498.80
508.27
518.00
532.33
543.87
551.93
573.87
584.13
594.40
602.47
612.87
622.00
633.33
643.60
654.87
662.93
671.00
680.20
690.47
698.53
707.27
718.00
735.40
750.47
767.40
783.87
793.67
805.00
