Dataset = Clemson; RollThresh [deg/sec] = 10.0; Time2Thresh [sec] = 6.0; Detections given in seconds from start of data
46.80
58.53
71.53
82.27
90.73
106.67
115.53
134.53
150.67
180.93
189.47
198.53
214.07
230.40
239.40
249.00
266.87
277.87
286.93
299.20
307.73
316.80
338.13
355.20
374.40
382.93
405.60
414.13
424.27
434.20
446.53
456.07
465.00
477.47
488.00
498.67
507.20
516.47
544.73
554.53
567.13
584.40
593.20
618.27
626.33
635.47
645.00
654.53
668.27
680.53
701.13
714.40
735.80
753.40
762.07
770.13
805.07
815.80
824.53
833.20
842.00
855.07
