Dataset = Clemson; RollThresh [deg/sec] = 10.0; Time2Thresh [sec] = 6.0; Detections given in seconds from start of data
218.73
227.33
239.93
254.00
266.80
276.60
285.67
296.60
307.53
317.73
326.53
334.60
346.87
354.93
370.87
379.60
387.67
397.73
409.20
417.27
428.60
446.80
459.40
469.53
483.00
493.87
510.13
527.13
535.20
543.93
554.40
573.47
585.87
609.00
619.93
629.73
639.47
649.73
659.40
673.53
687.47
696.27
708.53
725.93
744.47
760.60
774.53
785.27
793.33
822.13
836.33
844.47
861.00
870.73
882.80
902.80
914.53
923.93
934.20
942.87
955.07
966.73
975.53
986.13
994.80
1008.47
1019.20
1028.47
1043.73
1055.47
1072.80
1088.87
1098.27
1107.67
1119.53
1128.13
1141.07
1152.27
1171.53
1179.60
1192.93
1206.27
1217.53
1226.00
1237.00
1247.33
1263.40
1273.27
1283.00
1298.40
1307.40
1318.60
1326.67
1383.93
