Dataset = Clemson; RollThresh [deg/sec] = 10.0; Time2Thresh [sec] = 6.0; Detections given in seconds from start of data
30.13
38.20
65.87
79.00
94.27
104.00
117.13
127.80
140.47
156.13
173.20
182.73
195.53
209.53
225.33
236.33
250.87
263.20
271.80
285.20
299.67
310.53
323.80
334.20
345.73
360.53
375.40
393.73
408.47
417.27
427.07
436.60
455.20
464.67
475.40
485.00
494.33
507.87
516.07
526.27
536.73
544.80
552.87
562.93
573.47
582.07
593.40
604.60
613.00
627.67
638.80
657.07
666.07
676.47
692.20
701.13
712.00
721.60
729.87
744.00
753.53
764.07
779.13
787.47
801.20
812.67
820.73
829.93
841.13
852.27
887.20
899.80
912.93
922.87
936.13
958.47
970.87
1002.67
1018.33
1041.00
1059.13
1090.33
1106.40
1128.07
1137.13
1150.07
1158.13
1198.60
1206.67
1221.07
1234.20
1250.87
1261.20
1269.27
1278.00
1286.07
1300.40
1329.40
1339.07
