Dataset = Clemson; RollThresh [deg/sec] = 10.0; Time2Thresh [sec] = 6.0; Detections given in seconds from start of data
64.80
77.27
85.33
95.20
103.27
117.53
132.40
142.80
154.40
168.33
176.40
188.47
198.20
211.53
234.87
252.20
260.60
268.87
284.47
304.73
316.07
328.40
336.47
345.47
371.13
381.00
401.47
417.47
435.00
443.80
451.87
469.27
480.87
489.33
500.27
510.40
518.47
529.80
538.00
549.67
559.47
568.67
578.93
588.87
608.00
622.13
630.20
647.93
660.87
672.60
684.53
694.53
704.73
713.80
728.00
744.80
752.87
765.73
777.20
792.87
803.80
819.87
830.73
844.60
862.27
878.73
889.07
901.80
918.27
935.67
944.20
953.73
