Dataset = Clemson; RollThresh [deg/sec] = 10.0; Time2Thresh [sec] = 6.0; Detections given in seconds from start of data
29.27
42.40
52.27
67.07
77.67
96.00
111.87
124.67
134.33
147.87
157.47
165.53
176.47
187.20
195.80
203.87
217.60
233.47
242.67
259.93
270.87
283.93
315.93
324.60
338.53
347.40
359.00
367.13
388.33
400.00
421.93
430.73
446.93
464.33
474.07
486.73
500.40
508.87
516.93
533.07
553.53
573.07
581.13
590.20
599.73
612.33
629.07
637.73
649.33
663.60
674.67
683.53
697.87
723.00
735.53
744.27
757.00
768.47
777.20
787.40
801.07
815.73
823.80
837.87
847.67
856.40
870.27
