Dataset = Clemson; RollThresh [deg/sec] = 10.0; Time2Thresh [sec] = 6.0; Detections given in seconds from start of data
65.20
74.13
82.47
101.40
111.33
123.53
136.07
145.87
157.53
170.00
178.07
190.80
199.53
223.13
231.27
248.87
256.93
329.07
342.33
351.20
362.13
370.40
378.47
391.33
399.40
409.20
420.47
443.93
453.87
465.20
473.27
481.33
491.80
502.60
514.60
526.93
548.67
560.80
570.13
582.87
595.93
611.87
623.60
637.13
656.33
664.47
672.53
680.80
693.27
701.33
711.07
721.13
732.40
740.93
751.87
762.60
811.60
825.80
838.40
857.20
873.80
893.07
908.13
916.67
936.93
947.20
957.93
973.80
986.73
997.00
1007.87
1018.27
1026.60
1058.73
1070.73
1091.93
1100.00
1108.80
1116.87
1130.67
1146.87
1167.73
1205.20
1248.20
1306.33
1318.80
1326.87
1342.20
1350.80
1366.20
1376.87
1387.80
