Dataset = Clemson; RollThresh [deg/sec] = 10.0; Time2Thresh [sec] = 6.0; Detections given in seconds from start of data
183.27
196.33
204.53
212.60
225.20
234.00
242.07
259.93
272.00
283.27
292.20
301.13
312.73
326.27
340.67
348.93
358.40
370.67
380.47
390.67
399.00
412.27
423.07
455.20
467.33
475.40
493.53
508.13
516.20
528.20
536.27
549.00
559.13
571.60
588.67
602.73
616.53
643.33
656.73
672.60
683.80
693.27
707.20
717.20
726.53
736.80
746.47
764.47
774.47
788.40
809.07
818.40
826.47
837.73
848.87
864.47
877.07
888.80
900.87
917.33
934.53
944.87
952.93
991.00
1006.00
1024.53
1041.53
1055.87
1066.87
1077.07
1085.13
1098.27
1108.07
1157.87
1169.00
