Dataset = Clemson; RollThresh [deg/sec] = 10.0; Time2Thresh [sec] = 6.0; Detections given in seconds from start of data
49.60
59.73
75.40
91.00
108.20
120.60
135.87
146.67
158.13
168.93
189.60
198.80
226.73
239.40
247.47
257.20
265.40
287.07
299.27
309.47
329.40
348.87
356.93
385.20
400.67
411.67
423.40
432.60
441.00
455.93
466.93
478.60
494.20
502.27
514.00
535.00
543.07
556.87
565.33
582.13
600.20
609.73
623.27
640.67
650.60
663.47
679.80
688.13
699.13
708.00
719.87
728.20
736.27
746.13
767.27
783.67
793.33
805.27
820.27
862.67
891.00
908.07
943.20
972.87
1005.33
1037.73
1061.53
1083.40
1104.20
1118.27
1134.20
1162.20
1174.27
1182.33
1223.00
1231.93
1257.00
1276.80
1286.20
