Dataset = Clemson; RollThresh [deg/sec] = 10.0; Time2Thresh [sec] = 6.0; Detections given in seconds from start of data
192.40
200.80
209.53
224.27
232.33
242.47
252.13
266.80
277.33
286.40
295.80
307.53
317.93
328.47
340.07
357.20
365.40
374.20
395.80
410.93
419.00
441.53
456.20
493.73
502.07
517.53
525.87
538.80
547.47
555.60
565.20
576.33
590.07
604.07
633.47
641.53
654.53
664.93
674.80
684.80
696.80
707.60
718.53
733.00
747.20
756.47
771.13
779.67
801.20
811.00
820.07
833.47
843.60
851.67
865.40
875.53
889.13
898.00
910.27
923.47
935.80
947.20
959.93
968.00
977.67
993.53
1002.13
1015.47
1025.27
1037.07
1045.13
1054.80
1062.87
