Dataset = Clemson; RollThresh [deg/sec] = 10.0; Time2Thresh [sec] = 6.0; Detections given in seconds from start of data
290.80
303.27
313.20
322.07
337.33
348.73
365.87
373.93
382.27
395.13
407.07
417.33
429.27
446.47
467.07
481.40
493.13
502.67
516.73
526.13
542.93
552.13
565.13
574.80
587.73
595.80
606.20
617.87
628.33
645.00
653.47
663.07
689.53
706.40
726.40
734.47
747.07
757.47
768.47
779.93
789.80
799.53
813.93
823.47
836.27
845.00
856.67
880.47
901.87
912.33
923.80
936.87
946.53
961.27
973.07
984.40
998.47
1008.53
1017.00
1025.07
1041.40
1051.93
1060.73
1072.67
1082.40
1097.33
1121.33
1132.40
1152.53
1175.47
