Dataset = Clemson; RollThresh [deg/sec] = 10.0; Time2Thresh [sec] = 6.0; Detections given in seconds from start of data
14.53
23.67
41.13
49.67
61.53
71.73
82.13
98.67
108.40
117.53
128.80
141.60
154.07
166.67
182.00
204.73
213.67
221.73
231.40
245.00
264.07
272.13
280.33
291.80
301.53
317.20
336.47
351.20
369.47
383.20
391.60
403.47
415.93
430.07
447.73
459.87
470.33
478.40
489.53
499.27
514.07
525.60
534.13
549.67
559.73
571.00
579.07
592.00
607.87
617.80
627.73
638.13
651.47
663.60
673.20
684.40
692.67
704.60
719.33
732.87
742.53
762.60
786.27
797.80
822.73
843.00
851.07
886.00
894.07
926.80
935.07
949.20
972.80
1034.47
1044.60
