Dataset = Clemson; RollThresh [deg/sec] = 10.0; Time2Thresh [sec] = 6.0; Detections given in seconds from start of data
152.93
190.20
200.73
216.53
227.27
236.20
245.20
255.87
265.07
274.53
286.00
295.07
311.47
354.67
369.60
378.33
392.93
401.80
412.13
448.00
463.27
476.40
493.40
501.60
509.67
535.00
545.40
562.40
585.40
593.80
623.60
631.67
640.47
658.47
668.33
676.40
685.67
719.67
728.93
749.00
759.20
773.00
783.47
791.93
800.93
826.07
857.93
866.00
874.73
884.07
896.13
905.20
940.33
986.60
999.20
1008.33
1021.00
1030.00
1039.13
1048.40
1089.07
1108.20
1118.33
1131.00
1142.87
1153.87
1164.00
1173.33
1189.07
1197.87
1207.07
1215.13
1227.53
1235.93
1248.93
1263.07
1276.87
