Dataset = Clemson; RollThresh [deg/sec] = 10.0; Time2Thresh [sec] = 6.0; Detections given in seconds from start of data
81.07
95.33
113.80
130.67
143.87
153.60
162.40
177.33
188.13
206.33
218.20
226.33
237.60
255.80
264.87
273.40
289.20
319.27
327.33
341.53
352.07
363.13
377.07
389.33
403.47
415.27
423.40
435.53
451.33
462.13
472.60
483.67
496.13
514.93
530.93
554.60
565.87
576.53
584.93
593.67
605.47
619.27
638.80
647.73
659.20
677.33
687.20
705.93
716.47
747.67
771.87
787.27
801.07
818.53
826.60
836.87
846.13
855.20
866.00
878.67
888.67
898.73
911.93
927.67
940.93
951.67
968.07
985.13
1001.67
1010.27
1044.40
