Dataset = Clemson; RollThresh [deg/sec] = 10.0; Time2Thresh [sec] = 6.0; Detections given in seconds from start of data
126.47
134.87
144.67
155.13
166.53
174.93
185.67
200.13
213.40
221.47
229.53
242.00
250.60
269.13
301.47
318.80
337.73
352.07
368.60
376.73
401.67
423.33
436.60
446.13
459.20
469.07
484.67
499.00
507.67
515.73
525.87
542.67
556.47
566.73
582.13
595.47
608.27
616.33
637.73
653.67
666.80
684.27
696.67
705.80
717.00
725.07
737.33
748.47
758.40
771.33
782.40
792.87
804.67
814.13
833.20
841.27
855.47
865.00
874.33
885.47
895.93
906.00
920.07
