Dataset = Clemson; RollThresh [deg/sec] = 10.0; Time2Thresh [sec] = 6.0; Detections given in seconds from start of data
76.93
88.27
100.00
112.87
125.27
142.13
150.53
179.80
196.73
218.60
232.20
251.00
263.73
271.80
292.60
312.53
332.07
351.60
365.67
377.07
396.13
405.47
427.67
437.27
454.80
463.33
478.87
497.47
516.80
525.60
536.13
545.40
555.27
567.20
584.13
606.13
617.47
627.33
642.73
650.80
659.27
682.53
728.60
737.27
756.27
768.47
777.20
788.87
797.60
812.40
839.33
852.13
860.33
868.40
877.20
887.67
912.20
929.13
965.27
974.13
984.13
1005.93
1014.80
1030.27
1050.33
1058.40
1074.13
1090.33
1098.40
1106.47
1114.53
1123.07
1150.20
1164.67
1177.93
1186.33
1197.13
1218.80
1228.73
1237.87
1246.20
1257.13
1271.60
1281.93
1291.47
1300.07
