Dataset = Clemson; RollThresh [deg/sec] = 10.0; Time2Thresh [sec] = 6.0; Detections given in seconds from start of data
31.00
43.53
52.60
65.33
74.60
84.67
94.53
104.80
112.87
122.73
130.80
147.20
158.13
173.00
185.47
196.53
206.13
214.80
225.33
237.87
247.20
267.67
278.00
288.07
296.40
314.80
324.40
336.00
345.13
355.20
367.07
376.47
385.53
394.53
405.40
415.40
425.47
435.13
443.67
454.13
466.93
475.80
490.27
504.93
516.33
526.40
535.33
546.73
558.67
572.60
581.13
594.07
607.00
621.73
637.93
646.00
654.13
667.47
680.53
688.60
701.40
735.00
747.73
777.20
791.87
812.07
829.33
845.60
867.80
878.73
889.33
904.27
913.80
923.87
931.93
962.20
979.40
