Dataset = Clemson; RollThresh [deg/sec] = 10.0; Time2Thresh [sec] = 6.0; Detections given in seconds from start of data
68.00
97.40
112.07
122.67
136.73
144.80
152.87
166.27
174.33
185.33
195.47
205.40
213.47
224.87
232.93
245.27
256.53
265.27
273.67
283.87
294.87
302.93
316.13
327.13
339.27
352.20
366.40
378.80
386.87
396.20
406.60
414.67
425.40
435.67
450.60
461.07
470.80
479.60
487.67
497.73
507.20
517.60
528.73
537.07
549.13
558.33
571.20
579.27
591.60
601.80
613.07
624.00
635.47
643.53
651.60
659.67
670.67
687.00
737.73
767.80
795.13
812.87
834.47
842.60
858.53
870.47
889.00
897.60
949.13
967.20
978.53
1032.33
1042.13
