Dataset = Clemson; RollThresh [deg/sec] = 10.0; Time2Thresh [sec] = 6.0; Detections given in seconds from start of data
21.27
29.33
43.93
102.47
130.67
139.87
150.87
158.93
172.33
184.93
201.27
218.33
229.27
237.33
252.67
263.60
273.40
282.73
292.60
302.53
311.47
319.53
331.33
342.07
352.47
361.53
370.60
379.87
393.73
405.00
417.87
428.60
439.47
447.87
457.67
466.73
474.80
488.40
502.60
519.33
527.93
540.60
550.80
562.60
574.07
592.20
600.53
612.13
629.67
643.73
666.27
675.20
691.47
706.07
714.13
