Dataset = Clemson; RollThresh [deg/sec] = 10.0; Time2Thresh [sec] = 6.0; Detections given in seconds from start of data
112.40
130.60
140.93
156.13
164.20
173.53
192.13
202.60
210.67
219.53
232.60
253.13
264.33
273.27
282.60
290.67
312.40
327.20
342.20
351.80
360.33
400.33
413.20
426.87
472.20
480.87
492.07
501.60
510.47
528.20
541.93
552.60
573.53
582.87
591.40
601.93
611.07
629.20
638.07
652.20
663.87
672.07
680.27
692.73
700.80
731.00
745.07
759.73
770.87
780.47
793.87
823.33
838.53
851.00
862.27
873.47
893.20
901.27
914.73
941.80
953.53
967.47
981.33
1016.27
1115.33
1125.40
1134.53
1146.67
1155.80
1189.27
1233.53
