Dataset = Clemson; RollThresh [deg/sec] = 10.0; Time2Thresh [sec] = 6.0; Detections given in seconds from start of data
166.40
184.67
196.00
219.00
239.40
248.87
257.87
271.07
282.47
293.67
303.00
313.47
324.60
336.53
347.73
359.33
369.20
380.53
388.60
396.80
406.93
415.00
431.07
446.60
455.73
464.53
474.20
483.13
491.80
501.13
516.67
529.87
549.60
561.33
571.93
586.87
601.87
634.80
662.67
671.47
688.33
696.40
707.80
718.47
733.73
743.87
777.67
792.20
803.47
815.73
834.53
877.27
886.13
898.73
910.20
920.73
963.13
973.27
1010.53
1040.87
1067.47
1080.93
1090.80
1102.13
1115.53
1124.40
1159.40
1172.80
1183.53
1207.07
1222.53
1235.07
1255.53
1264.80
1273.87
1304.80
1328.93
1352.33
1361.73
1372.00
1388.47
1467.00
1480.47
1488.87
1507.47
1533.47
1570.27
