Dataset = Clemson; RollThresh [deg/sec] = 10.0; Time2Thresh [sec] = 6.0; Detections given in seconds from start of data
78.73
88.60
98.07
106.13
120.73
130.13
141.13
172.13
227.60
244.67
269.93
289.13
322.07
334.87
343.67
357.80
368.87
379.07
389.80
400.27
410.27
420.47
436.00
449.47
460.33
472.13
485.40
493.73
506.33
514.40
524.53
540.33
551.93
561.47
582.67
592.07
600.73
610.73
620.53
641.93
650.20
666.27
679.93
688.67
697.67
709.80
718.13
729.93
740.13
756.13
764.87
772.93
781.00
792.53
807.07
823.67
833.13
