Dataset = Clemson; RollThresh [deg/sec] = 10.0; Time2Thresh [sec] = 6.0; Detections given in seconds from start of data
50.00
60.20
73.53
94.80
106.67
121.27
131.00
141.93
151.00
159.33
178.60
187.07
198.73
216.47
224.67
238.47
247.60
268.73
280.80
290.80
302.07
313.07
321.13
331.13
347.20
361.60
372.33
393.33
404.33
412.40
420.73
432.20
442.80
494.73
515.33
525.33
539.87
551.40
561.80
570.67
585.60
598.13
606.87
617.80
626.53
639.20
654.00
664.47
677.27
691.53
700.87
716.60
724.67
733.47
742.53
758.60
768.07
797.87
807.80
