Dataset = Clemson; RollThresh [deg/sec] = 10.0; Time2Thresh [sec] = 6.0; Detections given in seconds from start of data
84.07
94.60
103.20
120.33
129.07
138.93
148.47
164.13
175.33
185.87
197.67
212.93
228.73
237.27
261.73
272.07
285.60
295.93
317.13
329.47
337.60
352.73
362.33
375.13
388.27
399.20
408.33
431.00
441.13
455.60
470.53
488.00
504.20
523.27
538.53
547.27
561.07
572.80
582.73
594.73
606.73
616.20
630.67
643.07
655.73
663.80
679.53
707.73
724.13
733.53
742.13
772.33
787.93
801.33
821.33
834.00
842.47
861.87
872.60
889.07
914.13
922.20
931.73
948.80
964.20
982.00
1001.00
1015.40
