Dataset = Clemson; RollThresh [deg/sec] = 10.0; Time2Thresh [sec] = 6.0; Detections given in seconds from start of data
56.27
65.13
74.60
85.13
96.47
113.60
124.20
136.13
148.87
157.53
166.93
178.93
193.13
227.47
235.53
247.60
255.67
267.13
276.73
345.00
354.07
364.60
376.67
399.87
407.93
424.53
437.13
447.80
456.33
464.40
475.47
484.47
496.13
504.53
514.20
523.73
541.00
553.47
571.47
583.07
598.33
607.13
615.33
624.93
635.47
644.00
661.53
687.20
699.47
710.07
724.33
733.00
743.47
761.53
772.53
782.80
792.67
802.60
810.67
819.80
829.00
837.07
