Dataset = Clemson; RollThresh [deg/sec] = 10.0; Time2Thresh [sec] = 6.0; Detections given in seconds from start of data
139.13
149.40
159.40
169.27
179.60
191.00
206.13
215.80
227.60
244.47
257.07
276.80
288.27
302.93
311.40
345.93
354.40
362.47
372.80
381.93
405.73
422.40
431.80
443.33
451.47
459.53
469.53
478.67
489.87
497.93
506.73
518.33
528.67
542.60
553.13
563.67
573.80
583.53
597.00
611.40
632.13
641.93
663.20
674.40
686.87
701.93
717.33
726.00
736.60
748.53
758.47
769.80
777.87
798.27
812.07
827.93
843.13
857.53
873.07
881.13
893.07
902.53
916.80
934.60
947.20
967.53
976.93
989.67
998.13
1006.73
1022.07
1044.53
1055.60
1087.40
1111.73
1119.87
1130.73
1150.87
1160.13
1168.80
1180.00
1196.20
1264.60
1286.73
1302.07
1323.40
1353.40
1367.27
1379.67
1390.27
