Dataset = Clemson; RollThresh [deg/sec] = 10.0; Time2Thresh [sec] = 6.0; Detections given in seconds from start of data
107.80
124.13
133.73
146.07
178.47
200.13
228.27
240.33
250.60
258.67
287.27
333.93
352.80
381.00
407.60
418.40
427.67
438.33
449.20
464.93
473.47
485.27
498.00
512.67
528.40
545.13
569.13
592.80
626.87
648.93
657.07
665.87
704.27
712.33
720.40
728.47
736.53
761.73
770.80
787.53
797.47
818.40
826.47
845.13
875.00
884.13
902.73
913.00
929.93
940.47
987.87
1004.53
1013.20
1035.20
1043.40
1059.07
1074.53
1094.47
1102.53
1117.00
1138.53
1151.20
1181.53
1191.67
1200.13
1212.67
1227.20
1238.53
1290.00
1303.53
1330.73
1372.00
1380.07
1434.67
1445.33
