Dataset = Clemson; RollThresh [deg/sec] = 10.0; Time2Thresh [sec] = 6.0; Detections given in seconds from start of data
157.13
167.80
180.80
191.80
199.87
209.20
217.67
225.73
235.27
244.13
252.73
263.93
273.07
282.73
293.60
301.67
317.67
327.73
340.60
350.27
359.93
384.73
396.67
408.40
419.00
430.53
456.47
464.73
473.07
501.67
513.27
523.00
533.13
549.00
558.80
568.67
579.40
589.60
599.60
609.87
625.40
646.67
659.40
668.80
694.20
711.80
722.20
731.60
748.07
757.73
770.73
783.27
793.87
805.20
816.00
844.93
854.80
869.60
894.53
905.13
914.93
924.53
934.20
946.20
954.40
965.67
977.00
987.47
998.20
1018.80
1032.20
1044.33
1054.27
1066.20
1074.33
1087.93
1105.33
1117.33
1130.07
1181.33
