Dataset = Clemson; RollThresh [deg/sec] = 10.0; Time2Thresh [sec] = 6.0; Detections given in seconds from start of data
48.00
57.13
65.33
86.53
94.60
102.93
121.33
134.07
144.80
159.27
168.07
177.27
191.53
199.67
210.73
225.53
233.73
244.87
253.73
263.53
274.47
284.93
294.13
303.27
315.73
325.00
333.73
344.73
355.13
365.87
374.93
386.13
397.13
405.20
439.53
450.67
465.07
474.73
495.53
521.33
534.87
546.13
558.13
568.13
577.07
586.73
609.33
639.27
651.60
659.67
668.67
678.33
687.93
699.33
712.07
728.47
740.87
753.07
773.33
781.47
799.53
845.00
866.27
875.53
885.93
904.67
919.60
928.13
944.00
979.53
1002.40
1013.47
1039.07
1050.07
