Dataset = Clemson; RollThresh [deg/sec] = 10.0; Time2Thresh [sec] = 6.0; Detections given in seconds from start of data
77.00
85.27
94.87
110.13
120.07
138.20
146.27
157.00
176.33
184.40
192.47
203.07
233.07
248.80
268.47
301.47
318.07
331.73
343.27
352.13
363.20
372.13
382.00
395.93
408.67
416.73
440.00
449.13
457.53
467.20
475.27
483.33
505.47
527.53
536.80
546.93
557.53
574.13
585.33
594.67
602.73
613.00
621.07
632.33
641.33
650.87
662.67
679.53
689.67
710.27
719.73
738.73
765.40
803.80
820.27
840.67
856.67
874.07
886.80
900.40
909.80
920.53
936.93
945.00
968.93
1007.40
1015.93
1053.13
1069.80
1093.60
1112.07
1127.20
1136.47
1151.00
1161.00
1183.40
1197.80
1206.13
1218.67
1232.27
1250.40
1264.07
1275.73
1288.53
