Dataset = Clemson; RollThresh [deg/sec] = 10.0; Time2Thresh [sec] = 6.0; Detections given in seconds from start of data
108.13
135.60
149.67
170.13
180.60
202.87
217.93
240.13
248.53
263.93
275.20
296.67
308.07
324.93
338.40
350.13
360.33
371.00
379.20
387.60
409.13
427.67
441.33
453.33
481.33
490.47
498.87
510.13
537.20
556.20
567.80
582.40
592.67
604.07
616.73
627.40
637.73
648.80
670.67
682.73
695.13
703.20
723.73
742.00
750.40
763.40
775.40
789.60
801.87
812.00
822.73
832.67
849.93
861.13
871.80
886.07
900.80
912.40
933.00
943.33
953.07
961.93
972.13
985.73
1013.13
1022.27
