Dataset = Clemson; RollThresh [deg/sec] = 10.0; Time2Thresh [sec] = 6.0; Detections given in seconds from start of data
79.07
87.13
98.00
109.40
119.67
130.20
142.27
151.80
160.13
174.80
184.33
195.87
206.47
219.53
228.53
238.60
249.13
258.20
268.80
277.67
287.53
301.47
314.20
327.93
337.27
346.00
357.47
366.73
376.73
388.33
397.00
412.00
421.47
433.00
443.33
454.60
465.93
474.00
482.07
499.40
510.13
520.80
529.80
549.60
561.20
571.27
581.27
593.13
601.67
613.40
628.53
651.67
665.53
678.33
688.33
700.87
708.93
718.00
731.47
743.20
751.87
764.67
774.07
783.27
794.00
808.80
848.80
861.87
876.47
887.93
898.00
906.07
922.47
945.40
