Dataset = Clemson; RollThresh [deg/sec] = 10.0; Time2Thresh [sec] = 6.0; Detections given in seconds from start of data
97.93
108.93
125.07
138.67
149.27
160.53
176.07
189.00
214.07
238.60
250.20
286.40
303.00
328.87
368.27
393.47
401.53
420.93
442.73
452.20
465.47
477.93
502.33
526.53
605.40
638.33
647.07
657.93
666.73
705.00
718.53
736.80
747.73
767.47
781.20
798.60
810.53
826.93
836.13
844.20
855.13
864.00
874.00
882.07
892.93
909.33
922.07
932.87
940.93
964.33
975.07
998.13
1008.60
1019.00
1033.73
1043.33
1052.00
1060.27
1074.13
1085.00
1125.13
1140.67
1154.07
1165.40
