Dataset = Clemson; RollThresh [deg/sec] = 10.0; Time2Thresh [sec] = 6.0; Detections given in seconds from start of data
116.67
127.40
137.40
146.93
160.20
171.67
180.53
188.60
199.47
215.07
223.73
233.87
243.13
254.93
264.87
278.00
287.87
298.93
309.80
323.13
331.67
339.73
350.67
358.73
372.47
380.53
389.80
401.80
410.93
425.47
434.40
445.80
454.33
463.67
472.60
484.20
493.07
510.80
523.00
535.20
548.47
580.60
591.93
601.27
614.40
635.93
649.93
668.27
679.87
694.47
709.13
728.13
737.40
745.47
756.00
765.60
773.67
785.93
795.80
805.87
813.93
823.53
833.40
