Dataset = Clemson; RollThresh [deg/sec] = 10.0; Time2Thresh [sec] = 6.0; Detections given in seconds from start of data
88.07
97.47
109.53
118.87
136.20
144.80
152.87
164.73
174.93
188.60
196.93
216.40
229.60
241.47
255.07
268.67
277.40
288.93
299.60
307.67
319.67
339.27
351.00
362.20
372.93
387.13
405.60
441.60
455.80
501.67
510.67
521.93
531.00
541.07
552.73
561.40
571.87
586.07
600.93
611.20
622.13
632.40
652.40
661.13
670.73
680.60
688.67
699.40
708.93
723.40
732.00
740.07
748.13
759.53
769.87
777.93
787.47
796.47
807.00
819.00
829.13
844.13
860.67
878.07
889.60
909.60
929.47
938.80
954.53
965.13
991.13
