Dataset = Clemson; RollThresh [deg/sec] = 10.0; Time2Thresh [sec] = 6.0; Detections given in seconds from start of data
101.40
109.60
118.47
127.47
140.93
149.53
157.60
166.27
177.67
192.73
202.87
214.47
225.60
242.33
254.47
264.40
273.73
285.07
293.40
302.80
314.40
336.93
347.60
358.13
373.93
390.40
400.47
409.60
418.73
427.27
436.07
447.93
461.33
483.87
491.93
501.00
510.27
521.53
530.07
540.87
561.73
579.33
591.80
603.87
616.73
629.47
640.20
649.40
665.07
673.13
686.27
696.53
704.73
716.27
724.80
732.87
741.53
754.00
764.80
775.40
784.80
793.27
805.40
815.80
823.93
837.47
850.53
861.80
876.40
884.47
893.00
901.40
910.60
927.27
936.80
944.87
954.07
966.53
985.53
1008.20
