Dataset = Clemson; RollThresh [deg/sec] = 10.0; Time2Thresh [sec] = 6.0; Detections given in seconds from start of data
28.73
37.33
45.40
57.87
74.53
89.40
103.20
120.27
137.47
149.93
176.33
186.00
207.20
218.13
227.67
239.00
248.87
259.47
269.73
282.33
298.93
314.53
339.93
361.73
373.00
386.40
398.40
412.53
427.53
443.33
461.47
476.80
484.87
493.33
507.87
516.20
527.53
538.40
550.73
559.20
580.53
591.07
600.60
608.67
617.00
627.73
635.80
646.20
661.67
672.73
682.93
706.47
744.40
760.67
770.67
781.00
791.33
800.13
810.00
819.00
827.07
859.53
868.80
878.33
888.20
900.87
908.93
947.27
959.00
