Dataset = Clemson; RollThresh [deg/sec] = 10.0; Time2Thresh [sec] = 6.0; Detections given in seconds from start of data
143.33
165.93
178.53
190.60
210.60
226.60
239.47
250.07
272.00
292.07
302.20
318.53
334.67
360.40
374.67
384.80
392.87
404.07
416.73
429.13
450.53
459.27
476.33
484.40
492.67
505.33
514.40
540.00
548.20
558.27
569.73
580.33
592.07
603.87
615.13
624.67
637.07
645.87
657.53
678.33
687.33
698.93
708.93
723.33
735.27
746.00
760.80
769.40
789.07
798.40
811.13
820.67
838.47
852.87
863.60
883.13
897.60
906.67
924.13
949.27
963.47
978.53
994.80
1013.80
1025.60
1041.33
1051.93
1070.20
1087.13
1110.80
1122.73
