Dataset = Clemson; RollThresh [deg/sec] = 10.0; Time2Thresh [sec] = 6.0; Detections given in seconds from start of data
165.20
174.27
186.60
213.73
245.93
257.40
267.13
282.93
297.80
316.53
328.93
340.93
361.67
403.00
415.00
427.53
445.00
454.67
465.07
473.13
490.60
502.40
521.60
554.87
583.60
593.40
602.53
637.80
648.93
659.20
700.33
709.80
722.07
740.40
755.87
768.93
796.13
813.20
832.87
879.93
891.40
900.40
908.80
917.93
928.13
953.87
978.07
986.27
996.93
1008.73
1019.80
1032.67
1043.00
1057.27
1071.20
1086.00
1096.53
1114.33
1124.00
1135.20
1144.47
1158.13
1168.00
1181.47
1191.53
1202.40
1211.33
1220.00
1254.73
1264.47
1273.87
1288.93
1297.33
