Dataset = Clemson; RollThresh [deg/sec] = 10.0; Time2Thresh [sec] = 6.0; Detections given in seconds from start of data
53.60
70.20
78.40
93.40
114.47
123.07
131.13
144.40
153.53
166.93
178.27
190.67
202.53
232.20
245.13
266.00
274.53
287.53
296.20
315.47
327.67
336.73
358.47
371.47
382.27
392.87
406.07
414.40
426.27
434.33
444.47
452.53
462.73
475.53
483.60
491.73
501.87
510.00
525.80
534.07
543.87
552.53
560.60
568.67
580.00
591.80
600.67
611.00
622.80
632.53
647.20
655.27
663.47
673.13
682.00
701.00
711.00
729.40
739.40
751.87
767.53
775.73
786.07
795.93
813.07
822.00
835.33
843.60
873.13
882.87
892.07
903.40
911.47
919.60
931.33
939.93
949.47
961.13
969.47
980.33
990.33
1002.33
1010.40
1023.07
1031.13
1039.47
1050.67
1059.40
1067.87
1078.33
1087.53
1097.73
1112.20
1121.73
1130.93
1139.33
1149.40
1159.47
1181.27
1191.73
1206.47
1219.87
1232.13
1245.33
1255.80
1266.00
1274.33
