Dataset = Clemson; RollThresh [deg/sec] = 10.0; Time2Thresh [sec] = 6.0; Detections given in seconds from start of data
40.00
57.67
67.80
79.93
90.87
98.93
109.93
123.27
142.47
151.33
159.60
168.93
177.87
185.93
196.60
206.53
221.87
231.20
241.87
249.93
258.13
273.53
281.60
293.87
301.93
330.07
342.87
363.40
371.47
392.60
402.67
414.67
424.73
436.47
445.93
458.67
476.00
484.47
494.40
521.67
531.93
540.27
552.87
562.47
579.87
596.80
612.47
625.13
653.60
672.47
681.27
702.93
723.93
739.07
757.20
773.13
781.93
798.47
813.13
822.00
836.13
850.47
859.87
869.40
877.67
908.20
917.13
943.93
