Dataset = Clemson; RollThresh [deg/sec] = 10.0; Time2Thresh [sec] = 6.0; Detections given in seconds from start of data
57.07
66.80
81.53
101.27
113.00
125.73
142.07
155.40
170.13
184.27
210.00
218.80
227.27
238.73
248.00
256.80
282.40
291.60
305.80
333.33
347.13
361.20
383.00
393.07
401.87
417.47
435.20
448.20
460.13
472.00
480.73
490.33
500.33
512.47
522.27
539.20
556.67
564.73
575.07
583.47
595.53
604.60
615.73
623.87
631.93
644.80
656.40
667.07
675.13
689.00
699.27
710.73
721.53
732.87
744.20
758.20
792.87
805.33
