Dataset = Clemson; RollThresh [deg/sec] = 10.0; Time2Thresh [sec] = 6.0; Detections given in seconds from start of data
250.67
277.27
292.47
317.00
330.07
350.87
363.53
387.73
411.80
421.27
433.73
470.00
479.60
498.87
517.13
536.20
557.80
570.07
590.33
599.87
701.00
711.53
740.60
749.13
759.00
782.93
810.47
840.80
882.73
899.07
916.00
938.93
949.07
957.60
965.67
991.07
1012.13
1020.20
1045.40
1053.87
1061.93
1131.07
1148.47
1174.47
1183.67
1196.33
1280.47
1316.20
1334.13
1354.80
1413.60
1426.93
1436.07
1485.47
1507.47
