Dataset = Clemson; RollThresh [deg/sec] = 10.0; Time2Thresh [sec] = 6.0; Detections given in seconds from start of data
75.53
90.67
101.27
118.80
130.67
149.13
159.27
179.27
192.80
203.07
214.53
239.07
249.13
261.07
271.60
283.33
300.53
308.60
317.07
329.07
342.07
364.87
427.93
436.00
449.07
461.13
469.80
484.80
493.60
509.60
531.20
554.33
562.40
575.33
587.80
605.87
626.07
642.87
658.33
671.93
705.47
741.87
793.07
807.33
832.47
848.40
868.93
877.00
901.67
929.00
965.27
979.80
1023.20
1032.93
1041.07
1060.47
