Dataset = Clemson; RollThresh [deg/sec] = 10.0; Time2Thresh [sec] = 6.0; Detections given in seconds from start of data
93.20
110.07
119.53
129.53
138.67
149.67
159.07
168.60
176.80
185.73
198.33
217.73
233.73
244.00
258.80
269.00
284.07
293.87
307.33
317.80
331.47
340.33
351.33
359.60
371.40
381.33
391.87
400.80
413.73
428.00
438.93
448.60
469.87
478.93
487.07
496.07
505.13
514.87
522.93
533.87
543.27
556.20
572.13
580.20
588.80
598.13
606.20
618.40
627.20
635.33
644.73
654.40
664.87
673.07
713.47
721.87
731.67
743.07
753.87
766.87
775.60
783.73
792.87
810.07
821.13
830.80
839.80
847.87
