Dataset = Clemson; RollThresh [deg/sec] = 10.0; Time2Thresh [sec] = 6.0; Detections given in seconds from start of data
238.33
259.27
267.33
278.13
299.87
308.47
319.13
329.47
337.80
346.73
356.00
366.47
379.00
399.60
409.73
420.73
428.93
439.53
453.40
463.13
474.27
490.27
502.07
512.33
523.07
533.13
545.47
556.67
565.27
573.47
583.20
596.13
604.67
618.60
630.27
641.93
652.73
671.33
686.53
697.40
713.73
723.53
735.20
746.60
763.00
784.53
800.47
815.27
825.00
834.13
857.87
865.93
880.40
896.07
905.93
914.13
927.67
945.53
955.00
966.33
976.07
985.13
997.40
1024.07
1037.73
1050.20
1064.27
1073.87
1127.40
1138.80
1158.00
1168.13
1178.40
1187.87
1199.47
1225.93
1235.60
1245.33
1265.27
1275.20
1283.27
1292.93
1301.53
1333.93
1350.27
1360.80
1376.47
1386.20
1394.73
1419.00
1445.87
1456.87
1498.87
1510.40
1520.13
1533.47
1542.40
1562.40
1588.00
1609.73
1631.93
1649.27
1657.93
1749.80
1757.87
