Dataset = Clemson; RollThresh [deg/sec] = 10.0; Time2Thresh [sec] = 6.0; Detections given in seconds from start of data
62.53
76.80
87.93
106.07
124.60
132.67
143.13
167.00
182.20
195.47
204.13
238.60
268.07
296.13
306.53
319.13
327.53
342.47
354.13
401.00
434.93
443.60
451.67
485.27
507.20
515.27
532.47
549.87
567.13
582.80
607.80
617.40
626.60
650.33
671.47
681.27
731.87
741.27
751.67
767.33
776.60
788.27
796.33
805.53
830.07
838.80
884.47
892.67
952.47
960.60
969.93
999.40
1027.27
1035.33
1044.27
1054.47
1065.33
1073.40
1086.67
1095.00
1105.07
1113.60
1127.13
1141.73
