Dataset = Clemson; RollThresh [deg/sec] = 10.0; Time2Thresh [sec] = 6.0; Detections given in seconds from start of data
75.60
85.13
95.60
112.00
122.87
157.00
168.00
181.60
208.47
225.87
239.47
249.00
257.87
265.93
274.13
282.20
306.00
325.00
333.40
341.87
357.60
367.00
378.93
387.27
395.47
407.27
417.53
426.47
454.47
466.40
474.67
491.87
507.00
518.47
536.00
547.60
576.60
597.20
615.20
638.87
647.20
656.27
664.33
677.00
689.27
697.33
706.00
715.60
725.27
734.00
744.13
753.20
761.27
770.53
779.20
788.07
797.60
806.00
814.67
824.60
834.33
843.00
