Dataset = Clemson; RollThresh [deg/sec] = 10.0; Time2Thresh [sec] = 6.0; Detections given in seconds from start of data
53.20
62.47
70.80
84.60
93.87
103.60
115.67
128.20
142.93
151.00
160.20
176.80
192.20
200.80
211.00
219.07
231.40
242.53
252.67
263.40
276.27
286.47
299.40
322.40
336.67
353.00
369.33
378.93
390.27
403.67
412.20
431.60
456.00
465.13
474.53
484.00
499.60
510.67
520.33
541.13
557.93
568.87
592.20
600.87
608.93
618.93
647.67
660.00
671.40
682.40
691.53
703.07
714.27
725.00
737.07
749.33
764.13
788.00
802.73
812.00
825.13
839.93
853.13
866.53
876.27
894.87
908.47
919.13
928.40
941.67
950.07
958.47
968.33
985.13
997.47
1010.47
1025.40
1035.60
1046.67
1057.40
1070.13
1080.20
1090.53
1098.80
1114.53
1126.27
1141.60
1159.60
1179.13
