Dataset = Clemson; RollThresh [deg/sec] = 10.0; Time2Thresh [sec] = 6.0; Detections given in seconds from start of data
75.00
95.13
104.73
127.80
163.27
173.33
195.93
215.40
224.47
274.93
284.40
302.47
340.73
348.80
405.60
458.60
475.07
495.07
520.73
531.73
559.07
569.67
584.07
603.13
612.60
632.27
644.53
652.60
671.47
679.53
690.87
709.53
718.33
737.93
764.13
777.53
785.87
794.20
802.27
821.93
836.73
852.87
868.47
877.47
886.47
896.40
906.47
915.33
936.87
963.27
971.47
982.80
997.60
1039.20
1049.00
1067.73
1079.07
1104.67
1147.53
1167.40
1181.87
1200.80
1214.87
1238.20
1282.33
1310.13
1318.33
1326.87
1348.47
1365.33
1395.27
1424.60
1484.87
1498.20
1515.53
1525.67
1554.93
1580.33
1590.33
1599.20
1626.67
1642.87
1664.13
1689.87
1728.33
1749.27
1759.93
1773.13
1804.53
1827.47
1847.40
1858.33
1871.87
1903.53
1926.53
1938.33
1948.67
1958.13
2013.07
2023.20
2033.60
2047.20
2076.27
2085.47
2120.93
2137.87
2150.33
2171.47
2195.40
2203.67
2211.87
