Dataset = Clemson; RollThresh [deg/sec] = 10.0; Time2Thresh [sec] = 6.0; Detections given in seconds from start of data
166.40
180.27
189.60
204.47
216.53
243.47
262.80
280.80
290.47
306.07
318.67
334.93
352.40
362.67
371.20
383.27
391.47
399.73
408.27
426.07
435.67
445.47
477.40
492.53
501.53
524.87
533.73
548.40
568.87
577.07
589.73
599.73
609.73
619.20
627.67
636.00
644.27
654.67
664.60
674.53
687.73
700.80
723.53
737.27
749.20
761.33
774.13
792.33
800.40
812.80
827.87
838.93
852.80
869.67
889.13
897.40
906.60
916.27
