Dataset = Clemson; RollThresh [deg/sec] = 10.0; Time2Thresh [sec] = 6.0; Detections given in seconds from start of data
82.87
98.80
120.40
133.67
151.47
168.53
178.40
188.20
197.93
209.87
231.80
240.60
249.20
261.00
269.80
277.87
287.27
296.80
307.93
332.80
350.00
363.87
383.67
395.27
408.20
419.47
429.53
449.73
469.27
478.60
500.80
521.93
533.60
542.13
554.47
567.73
583.60
594.33
604.07
613.20
625.60
663.53
681.07
692.20
712.00
727.07
737.80
748.27
757.87
794.73
826.80
841.60
946.27
1001.87
1040.07
1065.40
1120.60
