Dataset = Clemson; RollThresh [deg/sec] = 10.0; Time2Thresh [sec] = 6.0; Detections given in seconds from start of data
131.53
140.67
150.33
186.93
205.13
236.67
249.53
273.87
281.93
301.07
309.40
321.47
332.53
343.53
351.60
363.27
375.67
401.60
410.47
429.40
440.67
463.47
480.00
488.93
508.47
525.40
533.73
553.47
564.13
619.53
671.00
683.67
693.47
715.33
735.60
744.33
759.47
770.20
804.00
847.53
858.13
879.47
901.60
910.13
924.27
941.00
955.80
966.67
988.93
1007.67
1040.00
1066.00
1074.67
1096.47
1109.00
1117.07
1125.27
1151.20
