Dataset = Clemson; RollThresh [deg/sec] = 10.0; Time2Thresh [sec] = 6.0; Detections given in seconds from start of data
207.27
217.73
226.27
238.07
247.00
323.93
338.27
347.07
361.80
376.67
394.27
413.07
421.13
430.07
444.27
458.80
471.87
485.47
493.53
507.33
518.20
540.47
552.80
573.33
585.27
604.60
616.73
626.33
640.87
656.40
669.87
682.00
690.87
699.13
722.87
731.33
741.60
752.13
760.20
769.20
780.60
792.33
808.00
818.80
834.67
843.80
856.80
869.00
882.60
895.93
913.33
929.33
941.60
952.60
970.40
978.47
986.53
1002.07
1018.00
1037.87
1056.33
1065.67
1079.27
1090.27
1102.20
1117.53
1135.20
1150.20
1158.27
1169.27
1178.13
1196.00
1205.47
1216.27
1232.27
1254.87
1264.60
1280.73
1293.67
1312.13
1328.67
1345.80
1353.87
1364.73
1375.53
1401.47
1419.40
1433.67
1462.20
1480.53
1495.33
1517.47
1546.60
1558.13
1577.27
1587.93
1596.67
1606.60
1626.27
1644.07
1668.67
1679.20
1688.07
1703.27
1719.40
1727.47
1738.20
1754.53
1775.00
1788.93
1798.13
1830.20
