Dataset = Clemson; RollThresh [deg/sec] = 10.0; Time2Thresh [sec] = 6.0; Detections given in seconds from start of data
35.73
51.20
76.33
88.67
112.00
120.07
136.87
171.40
189.60
201.60
212.07
220.87
243.53
264.20
275.40
284.07
316.20
325.60
339.47
347.73
356.20
375.00
391.07
402.67
416.33
425.93
435.20
443.27
456.73
465.07
476.53
497.80
512.73
527.60
539.53
558.07
566.87
592.67
603.47
612.47
621.47
631.67
644.60
653.80
665.47
673.53
683.47
711.00
731.33
741.13
755.27
780.47
818.20
828.87
837.33
853.80
861.87
872.80
911.07
927.07
955.33
969.47
979.40
990.20
1028.87
1047.20
1058.53
1071.07
1094.47
1106.87
1119.47
1128.67
1159.07
1170.00
1196.13
1210.07
1226.67
1234.73
1256.93
1278.07
1289.00
1310.27
1335.53
1352.80
1369.20
1388.07
1396.20
1407.33
1450.20
1461.27
1473.93
1482.20
1492.73
1534.40
1559.00
1596.13
1614.40
1622.80
1631.80
1656.00
1686.80
1704.67
1729.40
1739.73
