Dataset = Clemson; RollThresh [deg/sec] = 10.0; Time2Thresh [sec] = 6.0; Detections given in seconds from start of data
29.13
39.47
52.40
61.27
76.20
94.67
103.40
124.53
136.27
144.87
156.33
175.93
186.27
195.60
207.87
227.47
240.67
249.47
266.47
281.53
311.47
323.27
332.73
344.40
353.13
364.67
381.33
392.80
401.47
409.87
424.20
433.73
453.27
463.80
475.67
487.20
500.93
523.00
533.40
542.20
553.13
562.07
570.87
582.80
590.87
599.07
616.73
624.80
636.67
644.93
653.27
661.67
673.60
686.47
695.20
711.87
740.73
750.67
759.87
771.80
797.53
