Dataset = Clemson; RollThresh [deg/sec] = 10.0; Time2Thresh [sec] = 6.0; Detections given in seconds from start of data
35.73
43.80
55.20
64.73
80.00
101.07
109.87
118.87
139.47
147.53
155.60
167.53
177.73
186.40
205.53
215.67
229.13
239.67
256.67
264.73
274.60
283.53
299.80
316.87
324.93
333.00
345.20
353.33
366.13
376.93
388.47
402.93
411.00
420.27
429.93
439.13
448.13
459.40
472.40
483.27
497.47
507.87
518.40
528.73
538.67
546.73
555.20
565.60
581.80
593.00
602.60
616.40
629.00
643.00
653.27
663.67
672.13
685.33
697.73
705.80
718.67
728.40
737.80
751.13
764.47
774.87
783.73
801.93
840.87
855.47
863.53
871.60
881.87
892.27
901.93
914.67
922.73
930.80
947.80
969.40
983.87
995.80
1008.60
1022.60
1035.00
1043.07
1052.40
1066.60
1079.33
1093.40
1102.67
1113.13
1122.47
1133.20
1143.67
1152.40
1163.00
1176.27
1188.20
1197.20
1208.47
1217.20
1226.07
1236.47
1246.07
1258.13
1269.60
1282.27
1290.33
1298.40
1322.53
