Dataset = Clemson; RollThresh [deg/sec] = 10.0; Time2Thresh [sec] = 6.0; Detections given in seconds from start of data
28.27
36.67
70.33
85.07
96.47
110.40
124.00
148.07
156.80
169.80
179.00
189.93
200.07
208.13
220.80
233.53
245.13
255.00
267.93
276.13
288.80
300.80
314.33
323.07
339.87
349.40
364.40
373.40
383.93
393.93
403.27
417.93
426.80
435.60
448.60
462.40
470.47
478.53
488.13
500.40
514.60
526.80
535.67
546.07
554.60
562.93
578.20
596.27
607.40
622.87
638.47
651.33
659.40
671.20
682.00
708.67
720.53
728.60
741.73
767.33
778.27
791.33
809.60
828.27
841.20
849.60
862.47
873.40
881.60
895.67
912.20
923.47
937.27
952.13
963.40
973.40
997.87
1005.93
1015.13
1028.40
1042.20
1057.80
1092.47
1101.80
1112.07
1129.87
1139.27
1151.93
1163.87
1186.07
1210.93
1227.93
1238.47
1246.53
1261.67
1270.40
1294.93
1320.20
1330.13
1341.00
1357.27
1378.73
1387.80
