Dataset = Clemson; RollThresh [deg/sec] = 10.0; Time2Thresh [sec] = 6.0; Detections given in seconds from start of data
43.20
63.27
78.67
102.20
113.87
125.80
155.67
165.13
177.27
190.13
198.53
244.67
277.40
299.07
311.07
322.80
334.07
357.93
372.07
385.40
402.40
428.47
440.27
450.47
459.13
488.27
496.33
522.87
562.13
571.13
579.47
602.60
616.47
633.07
653.87
662.73
688.53
697.53
718.00
752.80
766.07
783.73
797.20
808.13
819.27
827.67
843.33
856.60
871.00
880.40
891.93
900.87
913.93
934.00
945.80
966.93
978.07
986.93
997.80
1033.40
1044.27
1058.07
1068.73
1085.60
1096.27
1112.67
