Dataset = Clemson; RollThresh [deg/sec] = 10.0; Time2Thresh [sec] = 6.0; Detections given in seconds from start of data
174.67
186.20
200.53
211.87
219.93
230.07
239.40
259.33
271.33
279.40
291.13
299.73
312.33
324.53
334.40
344.67
358.67
366.73
376.00
386.27
394.47
408.00
417.13
425.40
436.07
445.87
460.13
468.33
478.60
486.67
494.73
504.07
512.13
526.47
534.53
543.87
552.27
562.47
570.53
582.27
593.87
606.73
614.80
622.87
634.53
648.53
663.80
685.87
695.80
703.87
740.13
754.53
765.27
774.13
782.20
792.87
805.27
814.20
822.87
834.20
842.87
853.80
881.53
891.53
900.33
917.67
926.67
937.40
946.67
955.80
967.33
975.87
983.93
993.47
1002.87
1022.13
1031.93
1042.07
1050.13
1060.47
1069.80
1078.73
1088.13
1096.40
1105.73
1113.80
1125.07
1133.13
1141.20
1150.33
1162.47
1175.80
1183.93
1198.00
1222.33
1234.53
1243.20
1258.27
1267.53
1275.93
1285.33
