Dataset = Clemson; RollThresh [deg/sec] = 10.0; Time2Thresh [sec] = 6.0; Detections given in seconds from start of data
51.87
102.60
112.07
122.00
136.40
144.80
153.60
162.60
178.40
188.27
199.80
212.13
220.60
230.00
238.67
250.87
266.07
274.67
290.00
301.80
310.60
328.87
336.93
349.53
358.13
368.00
377.73
387.87
401.27
411.27
421.20
435.87
445.53
453.73
468.53
484.47
492.73
509.53
525.87
534.47
544.60
555.00
568.00
576.73
587.33
597.80
607.47
617.07
626.07
636.20
645.27
655.27
668.87
679.53
688.53
697.00
708.40
717.13
727.20
737.47
770.07
781.20
