Dataset = Clemson; RollThresh [deg/sec] = 10.0; Time2Thresh [sec] = 6.0; Detections given in seconds from start of data
78.80
86.87
96.00
106.87
117.47
125.67
134.93
147.53
156.93
165.00
175.60
184.60
195.13
204.00
213.87
226.73
240.13
252.13
268.60
276.67
289.53
308.47
324.40
338.67
347.53
359.60
372.73
389.60
399.73
414.67
423.67
434.40
444.53
453.00
468.27
477.67
488.93
497.27
510.53
522.40
530.47
564.07
575.73
583.80
592.13
608.20
616.33
625.00
634.60
644.07
654.67
666.53
676.73
687.13
697.07
705.47
714.33
723.53
733.93
744.00
758.00
792.53
802.60
813.47
837.40
845.93
854.33
867.33
880.33
925.33
954.27
970.00
981.27
1015.33
1026.80
1036.80
1045.60
1057.00
1068.87
1088.27
