Dataset = Clemson; RollThresh [deg/sec] = 10.0; Time2Thresh [sec] = 6.0; Detections given in seconds from start of data
152.00
162.27
179.13
188.80
200.53
209.00
218.40
231.60
241.67
251.27
264.67
273.73
282.93
291.53
302.13
312.07
321.20
329.73
339.20
347.40
356.40
364.47
373.80
386.53
400.67
408.93
419.53
440.73
459.73
470.20
479.40
489.47
504.40
519.87
531.13
543.73
551.80
559.87
569.27
580.00
589.00
598.33
610.47
619.47
628.40
637.93
646.60
656.73
667.40
678.67
686.87
694.93
704.07
717.47
726.73
738.00
752.53
760.73
771.20
781.33
792.00
803.47
812.67
824.27
835.40
851.87
864.93
874.67
882.73
891.13
914.20
922.60
