Dataset = Clemson; RollThresh [deg/sec] = 10.0; Time2Thresh [sec] = 6.0; Detections given in seconds from start of data
36.53
45.60
54.00
63.60
83.47
92.20
102.53
110.67
121.00
141.20
151.47
167.40
181.67
191.60
201.93
215.67
236.27
249.87
258.20
266.27
277.87
289.93
307.27
323.87
334.87
346.80
354.87
362.93
372.00
389.13
397.20
407.80
420.93
436.47
448.27
457.13
465.20
493.93
507.67
526.73
538.67
547.47
560.73
569.00
580.13
600.93
610.33
625.73
635.87
643.93
655.73
669.20
684.73
698.33
708.60
728.00
736.87
744.93
764.87
776.87
793.13
817.60
843.40
866.47
874.53
885.33
894.80
