Dataset = Clemson; RollThresh [deg/sec] = 10.0; Time2Thresh [sec] = 6.0; Detections given in seconds from start of data
42.07
57.07
75.53
88.13
99.07
107.80
115.93
130.33
141.60
158.07
166.13
175.47
184.20
192.27
201.53
212.53
222.53
230.67
248.53
267.27
277.60
296.13
309.33
317.40
329.13
342.87
354.73
370.20
380.87
391.93
401.53
410.33
419.53
443.07
452.47
474.07
502.20
512.07
528.73
538.60
554.20
568.27
579.67
587.73
600.20
614.87
623.00
636.80
649.00
658.20
668.73
681.87
694.27
705.13
715.80
728.07
739.53
758.60
769.60
780.40
791.33
800.80
837.20
846.67
859.73
876.73
887.67
