Dataset = Clemson; RollThresh [deg/sec] = 10.0; Time2Thresh [sec] = 6.0; Detections given in seconds from start of data
208.67
222.07
237.53
253.87
262.40
278.27
293.13
303.13
324.07
333.27
344.80
354.20
363.07
373.33
381.93
407.67
415.93
434.40
450.00
471.33
516.93
537.13
559.60
569.73
600.80
626.07
634.13
643.93
665.40
676.07
684.13
696.47
722.20
738.20
754.20
780.60
788.73
800.73
808.93
823.20
837.27
850.00
858.60
869.93
878.00
924.93
940.00
980.93
995.20
1024.73
1034.73
1047.27
1060.00
1087.33
1095.40
1104.33
1120.87
1139.00
1153.33
1161.60
1185.80
1198.20
1206.33
1214.40
1222.67
1239.93
1361.20
1379.27
1387.33
1405.80
1490.93
1500.47
1529.40
1554.00
1575.27
1592.60
1710.47
