Dataset = Clemson; RollThresh [deg/sec] = 10.0; Time2Thresh [sec] = 6.0; Detections given in seconds from start of data
51.13
60.73
73.93
85.13
95.93
104.00
138.73
154.13
183.67
192.13
207.07
225.27
254.33
279.40
293.60
309.80
332.80
343.20
392.67
406.13
419.20
427.53
436.47
447.87
462.53
472.40
481.87
495.87
504.40
523.53
536.53
545.00
557.47
568.27
582.60
590.87
599.00
612.67
621.47
634.80
664.60
719.73
823.40
831.47
860.13
871.20
890.53
905.93
921.80
943.13
958.53
976.40
991.93
1015.20
1024.00
1044.13
1057.33
1069.53
1082.53
1097.20
1111.07
1149.67
1158.47
