Dataset = Clemson; RollThresh [deg/sec] = 10.0; Time2Thresh [sec] = 6.0; Detections given in seconds from start of data
326.00
335.53
347.60
363.13
385.53
395.60
406.07
420.73
433.53
451.27
459.60
469.13
478.87
491.33
502.40
513.27
531.33
547.93
560.60
570.80
588.73
598.93
608.53
623.87
632.60
640.67
655.20
669.67
691.80
701.00
709.07
717.13
728.33
739.93
759.27
767.80
780.80
795.67
818.93
828.27
883.27
925.20
948.73
960.60
977.53
995.07
1042.07
1113.87
1163.00
1177.73
1207.60
1280.13
1304.40
1315.27
1328.33
1339.00
1349.60
1361.53
1370.47
1380.20
1389.00
1399.40
1407.47
1415.53
1424.07
1433.20
1442.87
1452.13
1474.87
1482.93
1493.80
