Dataset = Clemson; RollThresh [deg/sec] = 10.0; Time2Thresh [sec] = 6.0; Detections given in seconds from start of data
192.53
200.60
225.53
242.47
258.00
276.13
288.80
305.73
382.87
391.93
400.00
419.00
430.93
442.47
473.20
482.60
493.73
504.00
517.27
529.07
539.53
556.27
578.07
587.00
611.00
626.60
634.67
642.73
653.13
663.60
671.73
686.80
707.87
757.07
813.80
822.53
848.53
856.60
876.80
886.27
895.60
912.13
922.53
933.13
954.87
980.13
991.33
1009.73
1037.60
1046.07
1059.40
1069.87
1080.07
1089.27
1102.00
1116.40
1125.80
1140.27
1203.60
1212.13
1221.73
1232.47
1240.80
1256.13
1271.53
