Dataset = Clemson; RollThresh [deg/sec] = 10.0; Time2Thresh [sec] = 6.0; Detections given in seconds from start of data
106.00
114.93
123.00
137.33
149.20
158.27
174.07
184.60
195.93
204.13
215.73
224.40
232.93
241.73
249.80
274.67
283.80
292.73
320.60
332.00
340.40
352.93
362.27
373.93
384.00
398.67
413.67
427.53
436.07
449.27
458.00
466.93
478.20
498.47
513.80
524.07
535.33
544.33
554.20
567.40
575.53
588.67
601.00
615.33
623.73
642.33
654.20
713.40
731.20
757.80
769.80
778.47
790.13
807.67
861.73
871.73
883.20
892.53
906.60
940.80
