Dataset = Clemson; RollThresh [deg/sec] = 10.0; Time2Thresh [sec] = 6.0; Detections given in seconds from start of data
446.13
454.40
464.67
489.73
497.80
508.27
516.47
526.73
541.07
561.40
574.07
582.87
592.87
611.87
635.47
670.93
686.00
694.07
728.00
739.40
753.00
766.27
783.00
799.07
811.87
826.27
841.67
849.73
860.47
868.80
880.27
904.00
912.07
923.07
931.13
944.40
961.80
969.87
977.93
989.80
1015.53
1032.47
1054.20
1072.60
1099.07
1111.67
1121.33
1137.20
1146.33
1156.27
1164.40
1177.40
1203.13
1214.40
1225.80
