Dataset = Clemson; RollThresh [deg/sec] = 10.0; Time2Thresh [sec] = 6.0; Detections given in seconds from start of data
153.47
161.80
171.07
179.93
193.47
202.07
217.07
232.27
241.60
249.67
262.40
274.73
283.53
297.80
324.20
332.27
346.60
358.93
381.53
389.60
399.40
412.20
429.00
439.60
447.67
468.40
481.07
492.93
510.87
527.00
536.87
546.47
557.27
569.20
579.93
590.07
608.27
638.47
646.60
662.67
670.73
681.73
700.47
719.73
729.07
739.13
762.07
777.47
786.47
795.93
807.67
819.13
830.80
839.07
847.13
861.40
897.47
916.67
926.93
947.20
957.33
973.80
982.67
998.13
1007.27
1038.93
1047.80
1060.60
1071.40
1083.80
1106.33
1158.53
1182.20
1191.73
1231.13
1239.20
1256.27
1282.73
1290.80
1304.73
1315.13
1341.00
1352.40
1368.53
1380.13
