Dataset = Clemson; RollThresh [deg/sec] = 10.0; Time2Thresh [sec] = 6.0; Detections given in seconds from start of data
196.00
206.80
217.80
225.93
254.60
263.27
272.60
327.60
335.67
347.07
356.87
365.73
383.93
393.40
402.13
420.00
432.07
442.40
466.87
476.13
486.00
503.67
516.13
532.40
540.47
549.67
560.33
571.00
590.87
601.73
613.60
622.60
632.93
651.27
662.07
672.20
690.47
708.13
716.20
724.93
740.67
755.20
773.47
787.00
795.33
808.53
835.93
848.40
866.73
878.40
888.07
899.07
921.87
937.47
961.47
970.53
981.60
991.93
1002.73
1010.80
1036.60
1044.87
1053.60
1067.53
1082.27
1091.93
1108.07
1117.73
1130.60
1142.13
1153.53
1164.93
1178.47
1190.20
1199.13
1221.33
1230.33
1240.33
1249.27
1263.07
1271.20
1293.87
1303.07
1312.67
1325.07
1334.07
1361.33
1373.47
1382.07
1397.40
1408.27
1434.80
1465.07
1490.93
1512.60
1546.40
1555.40
1578.53
1590.53
1600.33
1616.53
1631.13
1639.20
1670.40
1696.53
1704.60
1724.73
1733.00
