Dataset = Clemson; RollThresh [deg/sec] = 10.0; Time2Thresh [sec] = 6.0; Detections given in seconds from start of data
314.20
322.73
331.60
342.67
351.33
363.00
378.73
393.73
408.20
416.27
424.80
444.00
459.00
468.60
476.67
497.93
506.00
518.20
539.33
547.40
563.00
578.80
588.00
601.73
610.20
619.40
642.67
651.53
665.80
678.20
687.67
702.27
716.93
731.40
742.20
750.87
762.20
788.47
796.87
812.33
826.73
837.93
846.00
855.00
863.20
887.27
905.33
915.53
929.47
938.20
954.80
968.47
988.80
1005.73
1023.67
1032.93
1067.53
1079.80
1089.80
1100.87
1115.20
1123.80
1141.00
1157.53
1183.00
1191.13
1212.60
1245.13
1264.80
1281.73
1296.27
1314.93
1332.73
1348.27
1359.13
1374.73
1411.53
1425.67
1472.87
1488.47
1496.53
1569.33
1581.47
1612.47
1628.07
1636.13
1650.47
1696.87
1707.40
1720.93
1750.07
1785.60
1824.67
1839.73
1855.27
1872.20
1880.67
1888.73
1896.80
1922.80
1938.87
1960.13
1973.13
1996.60
2019.60
2041.67
2069.27
2112.67
2135.07
2164.13
2181.13
2192.27
2200.93
2217.60
2234.53
2253.27
2261.33
2277.87
2286.67
2302.67
2339.00
2359.93
2373.53
2421.00
2431.47
2448.73
2462.13
