Dataset = Clemson; RollThresh [deg/sec] = 10.0; Time2Thresh [sec] = 6.0; Detections given in seconds from start of data
74.73
82.80
104.60
123.33
147.73
165.07
231.33
246.87
269.60
281.20
294.20
307.00
324.33
333.67
342.73
381.60
391.80
406.20
419.80
428.80
442.00
456.33
488.53
502.07
514.87
523.47
535.67
556.33
565.20
580.33
591.07
601.80
613.07
626.20
634.53
653.93
662.00
670.73
683.27
694.13
703.33
712.33
724.07
739.73
751.87
762.80
770.87
782.47
795.13
814.93
824.13
834.27
843.40
851.60
862.47
941.67
950.27
959.40
969.87
986.47
1003.13
1015.93
1024.40
1035.60
1048.53
1063.47
1077.87
1092.60
1105.47
1126.73
1140.27
1153.67
1175.27
1198.07
1208.60
1216.80
1225.13
1237.53
1246.73
1254.80
1279.93
1290.33
1300.80
1312.80
1328.47
1343.40
1353.93
1362.47
1376.67
1386.80
