Dataset = Clemson; RollThresh [deg/sec] = 10.0; Time2Thresh [sec] = 6.0; Detections given in seconds from start of data
93.13
111.67
130.60
143.60
175.00
192.80
200.87
209.53
222.47
232.93
247.40
260.73
270.73
280.80
292.80
302.40
310.47
319.73
329.73
343.20
357.67
375.53
383.93
404.00
417.60
429.67
437.73
448.87
457.60
474.73
486.87
494.93
515.67
526.27
552.47
568.13
581.40
589.47
606.33
615.93
634.60
652.53
665.00
689.07
704.47
715.60
731.53
752.80
771.20
779.73
789.00
805.20
822.07
833.60
843.47
856.07
889.47
901.87
919.67
929.73
938.60
