Dataset = Clemson; RollThresh [deg/sec] = 10.0; Time2Thresh [sec] = 6.0; Detections given in seconds from start of data
33.53
49.00
57.07
65.80
73.87
96.60
104.67
114.67
130.20
149.47
157.53
170.27
187.00
202.40
210.47
226.47
235.53
244.07
252.20
262.40
272.27
282.60
294.93
303.53
311.93
323.87
334.73
342.80
350.87
364.20
381.07
395.93
408.47
416.53
427.87
440.53
451.53
459.73
468.07
477.07
486.20
496.33
507.07
532.47
543.13
554.27
564.67
577.00
599.20
618.40
637.13
645.20
653.73
665.40
673.47
683.67
