Dataset = Clemson; RollThresh [deg/sec] = 10.0; Time2Thresh [sec] = 6.0; Detections given in seconds from start of data
244.80
255.13
269.40
292.67
302.20
313.20
323.40
331.47
342.60
351.33
361.67
374.87
384.73
394.27
404.27
415.93
424.13
438.80
447.07
469.93
478.00
487.20
497.80
510.87
520.27
530.73
540.60
571.20
599.80
613.00
629.53
639.13
649.00
661.60
675.73
685.07
716.07
727.80
741.67
763.07
772.40
784.53
796.33
808.93
851.20
863.80
883.80
895.53
906.53
916.47
924.53
936.87
945.07
954.00
974.93
985.60
997.73
1010.20
1020.93
1046.40
1056.27
1069.73
1078.60
1087.13
1095.67
1117.20
1142.87
1156.73
1164.80
1177.33
1186.00
1194.27
1204.40
1217.27
1226.93
1238.73
1246.80
1257.13
1265.20
1275.40
1291.80
1300.27
1309.93
1337.67
1346.67
1355.07
1364.73
1377.20
1386.80
1395.27
1403.33
1416.47
1427.53
1440.93
1449.00
1461.93
1476.67
1505.00
1514.67
1522.73
1530.80
1557.93
1578.00
1594.87
