Dataset = Clemson; RollThresh [deg/sec] = 10.0; Time2Thresh [sec] = 6.0; Detections given in seconds from start of data
206.00
215.07
229.47
249.00
266.53
288.53
296.60
312.07
346.27
357.93
371.67
388.73
396.80
405.73
414.67
423.40
434.27
446.53
457.47
465.93
475.87
485.53
493.60
507.60
520.07
532.73
544.13
552.33
566.47
577.20
589.00
598.67
608.47
617.47
628.13
654.87
663.33
686.67
698.27
707.40
719.20
727.27
735.87
749.93
760.67
774.20
789.93
798.87
812.13
822.93
832.40
855.93
869.53
883.67
891.73
904.07
912.13
926.80
940.67
959.13
974.40
985.87
1013.47
1024.67
1045.73
1065.13
1076.27
1085.40
1098.60
1107.13
1116.93
1130.73
1150.53
1176.47
1211.00
1256.53
1266.60
1279.87
1321.07
1415.67
