Dataset = Clemson; RollThresh [deg/sec] = 10.0; Time2Thresh [sec] = 6.0; Detections given in seconds from start of data
221.07
229.73
245.27
253.87
264.60
277.07
285.53
296.13
310.60
321.87
330.00
340.13
351.47
361.07
371.87
382.53
396.33
405.87
414.93
423.00
438.47
450.07
458.73
471.60
482.07
492.67
504.60
512.87
523.80
540.60
551.47
561.40
575.87
587.07
595.13
606.40
616.53
629.33
645.33
653.87
668.87
677.40
687.07
709.07
717.13
725.20
752.80
767.60
775.67
784.67
794.67
805.40
820.33
835.60
855.93
864.60
873.60
883.20
892.27
900.93
911.73
921.73
931.67
942.93
959.73
968.33
980.53
996.07
1007.47
1017.47
1027.00
1035.33
1044.53
1053.33
1062.80
1076.20
1084.80
1095.07
1108.07
1118.00
1132.73
1140.80
1150.07
1161.93
1177.67
1185.73
1205.93
1224.13
1232.20
1242.20
1250.27
1262.67
1274.80
1283.20
1292.93
1305.40
1317.33
1328.40
1340.73
1350.60
1359.67
1367.73
1375.80
1383.87
1394.80
1404.40
1428.07
1438.53
1447.93
1461.73
1469.80
1488.00
1497.27
1508.40
1522.53
1532.93
1559.53
1569.13
1581.13
1591.40
1599.47
1612.20
1620.40
1642.13
1668.80
1686.47
1699.93
1718.27
1729.73
1765.27
1793.87
1830.87
1848.80
