Dataset = Clemson; RollThresh [deg/sec] = 10.0; Time2Thresh [sec] = 6.0; Detections given in seconds from start of data
257.93
278.07
291.27
306.20
316.33
342.80
361.80
382.20
404.60
415.20
424.93
435.60
455.60
469.80
497.27
516.73
534.53
546.87
557.40
565.47
585.53
599.07
613.07
625.13
642.80
651.07
660.40
668.60
684.33
697.87
712.27
728.33
737.73
745.80
763.80
790.20
801.40
811.53
831.67
845.87
860.13
868.20
880.13
893.73
910.40
923.13
940.53
953.60
963.40
971.47
998.67
1012.07
1020.33
1028.47
1061.87
1088.20
1098.53
1107.07
1120.40
1131.00
1148.07
1156.13
1171.67
1180.53
1188.60
1199.40
1212.27
1235.67
1247.80
1263.87
1277.33
1295.20
1303.87
1312.13
