Dataset = Clemson; RollThresh [deg/sec] = 10.0; Time2Thresh [sec] = 6.0; Detections given in seconds from start of data
91.33
102.13
113.33
121.40
135.47
146.20
170.00
181.20
201.20
214.60
235.73
248.80
263.87
271.93
286.40
309.73
319.67
332.73
345.33
355.87
364.00
377.60
386.93
396.33
409.73
419.53
430.67
441.60
453.93
463.93
474.07
487.07
496.13
523.13
534.27
542.33
550.47
562.87
573.20
583.53
593.60
610.87
628.07
638.87
646.93
657.00
666.33
685.33
696.60
706.20
730.40
747.33
755.80
767.13
794.27
802.33
817.13
829.53
839.93
857.27
894.40
906.53
918.53
957.93
998.07
1012.13
1026.47
1042.47
1073.33
1091.27
1111.60
1122.73
1135.73
1147.20
1158.00
1169.67
1178.93
1190.67
1198.73
1228.73
1244.80
1255.73
1265.73
1275.20
1285.80
1296.00
1306.93
1325.13
1336.53
1345.20
1374.47
1409.07
1418.07
1426.53
1435.27
1446.33
1460.00
1469.53
1510.93
1541.73
1580.60
1597.00
1629.67
1657.87
