Dataset = Clemson; RollThresh [deg/sec] = 10.0; Time2Thresh [sec] = 6.0; Detections given in seconds from start of data
310.40
329.27
377.47
426.27
447.80
465.13
476.33
487.73
505.00
516.47
525.27
541.00
550.13
563.80
579.27
591.93
602.33
611.20
622.80
642.20
658.80
668.67
676.80
688.53
699.87
708.40
719.67
737.47
748.73
757.80
768.87
782.27
790.33
803.20
811.27
827.87
840.20
855.93
865.40
885.60
897.80
907.00
921.13
932.40
941.93
950.00
958.07
974.00
983.47
995.80
1006.47
1014.93
1032.60
1041.93
1053.13
1067.33
1084.27
1094.73
1120.07
1134.40
1145.20
1178.73
1192.33
1203.40
1233.67
1242.73
1267.13
1283.53
1306.67
1323.93
1332.00
1350.53
1364.27
1395.13
1406.53
1429.20
1439.47
1447.53
1477.13
1486.67
1506.33
1518.00
1532.33
1543.60
1557.80
1565.87
1589.13
1597.20
1609.47
1619.53
1639.73
