Dataset = Clemson; RollThresh [deg/sec] = 10.0; Time2Thresh [sec] = 6.0; Detections given in seconds from start of data
19.00
31.07
51.00
63.00
81.27
90.67
105.27
114.87
129.53
137.60
147.20
156.20
173.27
187.33
195.93
210.27
230.00
238.07
253.60
272.60
280.67
292.27
300.93
309.00
320.93
329.00
338.00
347.20
356.93
368.40
376.60
389.27
400.33
408.40
416.47
424.53
432.60
442.00
453.00
461.33
470.13
478.20
489.67
499.47
513.67
533.87
555.73
566.13
576.13
585.47
595.67
608.40
616.93
626.87
638.20
647.47
659.40
674.00
687.60
696.87
706.33
715.20
