Dataset = Clemson; RollThresh [deg/sec] = 10.0; Time2Thresh [sec] = 6.0; Detections given in seconds from start of data
51.80
63.00
71.40
79.47
87.53
97.73
105.80
113.87
121.93
136.80
163.93
173.53
182.20
191.07
209.60
219.27
227.93
237.47
251.87
259.93
271.47
279.53
288.87
299.07
307.13
316.20
326.13
337.80
348.67
356.93
366.07
375.40
386.47
396.27
406.07
414.93
423.53
432.87
443.20
468.33
477.40
485.47
505.27
515.53
527.47
536.67
551.80
563.67
575.20
585.27
611.53
624.20
635.00
653.53
662.20
670.80
681.40
701.40
710.67
722.60
734.60
744.80
757.47
765.53
777.40
785.93
794.93
806.13
818.33
826.40
837.00
845.20
862.93
