Dataset = Clemson; RollThresh [deg/sec] = 10.0; Time2Thresh [sec] = 6.0; Detections given in seconds from start of data
80.87
97.00
116.80
129.73
142.47
171.07
187.93
196.00
207.60
226.93
243.87
254.00
262.07
272.47
287.80
304.07
315.93
324.00
333.93
347.53
359.20
375.67
396.07
410.87
420.47
428.60
436.80
449.73
462.67
473.07
489.47
502.07
512.47
520.73
528.93
542.20
552.47
561.47
572.40
580.93
593.93
605.47
613.53
623.27
633.80
642.87
653.80
664.60
674.27
690.87
698.93
708.20
716.40
724.67
739.80
747.87
755.93
766.27
780.20
789.87
819.87
837.80
