Dataset = Clemson; RollThresh [deg/sec] = 10.0; Time2Thresh [sec] = 6.0; Detections given in seconds from start of data
31.60
43.07
54.40
64.53
74.93
85.00
97.33
127.27
139.67
149.80
176.40
187.67
202.20
210.27
218.53
227.93
240.00
256.13
267.93
278.07
293.60
301.67
318.40
337.00
348.47
377.93
392.07
404.60
414.47
426.00
451.87
460.07
468.13
480.60
491.00
508.67
516.73
535.87
544.87
553.80
562.40
573.73
584.93
593.80
613.20
623.87
636.53
680.40
691.53
699.60
712.20
721.67
730.73
758.60
769.00
794.20
826.73
850.40
901.33
936.87
967.87
1143.27
1167.67
1211.73
1224.27
1236.40
1266.93
1299.73
1329.33
1355.93
1378.20
1386.67
1400.13
1441.93
1453.47
1469.73
1501.87
1569.60
1593.20
1604.47
1615.87
1637.00
1660.07
1684.73
1709.93
1729.13
1762.40
1785.80
1810.67
