Dataset = Clemson; RollThresh [deg/sec] = 10.0; Time2Thresh [sec] = 6.0; Detections given in seconds from start of data
47.13
56.67
70.07
78.47
95.87
108.80
119.07
146.73
156.53
168.40
177.20
186.87
194.93
204.93
218.13
227.33
236.40
255.47
266.27
275.60
284.67
297.13
306.33
320.60
332.93
347.60
356.13
371.80
389.53
398.53
407.20
418.60
447.67
464.47
514.47
538.47
573.40
581.60
594.67
610.33
625.40
633.47
653.33
666.07
678.93
691.13
704.33
716.27
728.27
748.53
756.60
778.33
792.60
809.27
831.07
839.80
857.53
874.67
901.00
916.80
983.87
