Dataset = Clemson; RollThresh [deg/sec] = 10.0; Time2Thresh [sec] = 6.0; Detections given in seconds from start of data
92.60
128.53
137.67
148.13
156.20
173.87
183.47
194.00
206.53
214.87
225.07
239.80
254.47
266.20
279.73
287.80
300.40
310.47
320.67
328.73
337.60
350.73
376.40
389.33
398.00
408.27
416.33
426.07
436.13
446.13
454.67
465.80
485.80
495.13
504.33
515.33
527.47
536.00
544.27
552.33
562.20
570.67
581.40
593.67
601.73
615.67
626.07
635.13
643.87
653.73
662.93
671.00
687.13
697.73
705.80
726.13
755.27
765.47
778.07
788.27
800.73
808.93
818.27
830.13
843.13
861.47
871.80
885.00
901.73
913.33
928.87
936.93
945.27
960.40
968.60
977.40
987.87
995.93
1009.60
