Dataset = Clemson; RollThresh [deg/sec] = 10.0; Time2Thresh [sec] = 6.0; Detections given in seconds from start of data
72.47
81.60
93.40
102.47
111.53
123.13
131.80
142.73
154.47
164.33
181.20
192.53
204.33
224.33
233.40
246.20
261.87
272.73
312.53
325.53
337.13
348.07
416.20
427.33
437.67
449.80
464.47
476.93
486.80
506.33
514.40
525.93
534.80
545.20
562.07
570.73
591.53
601.67
610.53
618.73
627.53
639.80
651.60
671.87
689.47
698.67
710.00
726.00
737.47
752.87
760.93
771.13
780.33
791.53
803.33
818.60
831.33
845.27
856.67
872.33
886.73
895.73
905.47
928.07
945.13
965.13
975.47
986.93
1022.67
1035.47
1049.40
1082.07
1092.67
1108.53
1120.27
1130.33
1140.47
1153.33
1162.87
1172.93
1203.07
1211.87
1221.60
1231.47
1274.80
1282.87
1295.53
1308.07
1331.07
1339.13
1355.13
1369.07
1418.60
1429.80
1447.67
1470.60
