Dataset = Clemson; RollThresh [deg/sec] = 10.0; Time2Thresh [sec] = 6.0; Detections given in seconds from start of data
45.73
54.40
69.20
77.80
87.47
97.07
105.13
142.87
161.87
181.87
201.27
227.47
249.67
274.53
290.20
327.47
347.33
358.80
368.00
379.20
390.33
405.00
424.73
434.40
449.27
462.40
472.53
483.07
494.13
506.80
516.20
527.53
544.20
554.07
562.80
572.73
584.93
608.60
619.87
630.47
644.47
670.20
687.93
705.87
715.53
724.47
738.13
751.60
776.87
786.87
805.53
819.67
829.27
840.40
852.47
885.40
