Dataset = Clemson; RollThresh [deg/sec] = 10.0; Time2Thresh [sec] = 6.0; Detections given in seconds from start of data
48.60
62.40
77.53
94.87
105.60
134.53
142.60
152.27
168.73
182.53
193.80
202.60
216.00
226.40
234.47
248.80
259.33
270.27
279.47
301.20
325.60
335.93
344.00
352.13
362.80
377.07
388.33
401.67
411.53
438.73
447.60
461.07
474.87
484.87
504.60
513.53
523.67
535.73
546.40
555.33
563.40
574.73
589.27
598.07
609.20
621.53
630.07
665.87
675.60
686.40
700.47
710.93
720.27
733.80
749.80
760.13
769.07
781.80
796.33
807.80
832.67
846.33
854.53
871.40
880.00
890.73
899.33
913.20
925.07
934.00
