Dataset = Clemson; RollThresh [deg/sec] = 10.0; Time2Thresh [sec] = 6.0; Detections given in seconds from start of data
22.20
40.33
53.33
84.73
98.87
152.13
188.20
197.80
207.73
237.53
246.60
267.40
279.40
289.60
301.20
309.67
318.20
359.40
367.93
388.60
399.53
408.40
421.40
432.67
441.33
452.20
465.33
477.93
517.13
525.20
533.33
541.40
557.53
565.87
577.73
591.80
604.27
613.47
621.67
630.47
646.53
657.13
677.67
688.20
699.53
753.53
807.53
845.87
876.53
898.80
914.87
932.67
946.53
955.13
963.67
983.00
