Dataset = Clemson; RollThresh [deg/sec] = 10.0; Time2Thresh [sec] = 6.0; Detections given in seconds from start of data
21.47
29.67
43.47
51.67
66.40
79.40
89.60
98.07
112.87
134.60
148.80
161.87
182.60
194.67
212.40
230.33
244.40
261.67
276.20
294.07
313.47
326.27
335.60
345.93
364.40
381.40
394.20
404.33
412.40
420.80
428.87
445.87
455.27
468.67
479.20
487.73
498.60
507.53
516.00
524.13
534.13
542.20
553.73
588.27
597.47
612.20
622.53
630.80
641.00
651.60
663.33
676.93
685.80
696.07
704.27
714.33
726.60
735.07
748.13
757.47
766.60
776.40
787.67
795.73
809.13
821.33
830.73
