Dataset = Clemson; RollThresh [deg/sec] = 10.0; Time2Thresh [sec] = 6.0; Detections given in seconds from start of data
104.67
215.53
233.00
271.33
286.80
315.87
323.93
333.33
342.87
352.87
363.87
373.47
383.13
391.47
410.20
424.33
436.47
447.00
456.60
467.00
476.67
484.73
493.60
504.00
515.07
523.73
533.07
559.67
572.40
590.47
600.13
616.33
652.07
662.80
707.20
715.27
731.80
742.13
766.93
792.53
804.60
813.87
841.27
853.87
862.60
874.07
892.00
904.60
912.93
923.00
945.47
956.33
990.00
1025.67
1084.40
