Dataset = Clemson; RollThresh [deg/sec] = 10.0; Time2Thresh [sec] = 6.0; Detections given in seconds from start of data
85.53
98.27
119.73
130.73
150.07
164.80
172.87
190.73
204.93
213.33
230.73
248.33
261.73
271.87
281.53
326.67
337.87
348.47
356.53
372.13
380.93
389.60
400.47
411.87
426.67
445.73
454.93
465.53
480.47
492.80
500.87
510.87
524.87
532.93
541.13
557.73
565.80
575.40
591.73
609.33
617.93
626.00
634.07
659.33
672.60
686.47
698.20
706.93
746.93
760.47
783.00
792.27
811.73
823.80
855.80
879.13
894.47
907.13
916.87
937.80
948.07
956.67
964.87
977.67
988.40
997.47
1261.27
1269.40
1300.80
