Dataset = Clemson; RollThresh [deg/sec] = 10.0; Time2Thresh [sec] = 6.0; Detections given in seconds from start of data
38.27
62.07
76.33
88.33
97.93
108.53
136.33
145.93
158.53
175.07
189.13
199.80
210.67
218.73
228.20
239.67
247.73
255.80
274.13
285.47
295.27
303.33
311.40
323.07
333.20
345.00
353.07
366.93
375.87
385.67
399.87
417.87
425.93
437.53
445.87
461.80
473.27
481.33
492.40
503.53
511.87
531.40
546.60
561.07
570.87
579.07
587.20
595.47
603.53
613.93
629.93
638.53
646.60
660.67
672.53
680.60
689.40
699.13
713.13
721.87
744.07
754.40
764.27
774.20
782.27
792.27
819.00
843.00
