Dataset = Clemson; RollThresh [deg/sec] = 10.0; Time2Thresh [sec] = 6.0; Detections given in seconds from start of data
257.73
269.53
290.33
301.20
310.53
323.27
333.80
347.13
363.00
380.20
390.20
406.53
417.93
426.67
480.93
489.93
498.40
509.67
523.53
531.67
547.53
562.27
577.73
585.80
604.07
623.93
635.13
650.33
688.93
698.40
708.33
730.80
741.40
763.73
774.07
790.33
809.07
825.93
841.07
856.13
865.00
873.33
883.80
896.40
910.80
932.53
957.40
966.00
976.07
997.60
1009.27
1024.40
1043.87
1056.93
1065.33
1081.93
1098.20
1111.27
1135.60
1145.87
1166.93
1178.27
1191.87
1205.87
1219.93
1228.00
1237.47
1256.47
1265.07
1280.73
1294.87
1304.07
1319.80
1327.87
1335.93
1346.47
1362.47
1375.20
1384.07
1393.53
1404.13
1417.27
1428.73
1436.93
1449.33
1459.73
1471.00
1483.07
1494.60
1528.73
1538.07
1547.13
1560.33
1578.07
1598.13
