Dataset = Clemson; RollThresh [deg/sec] = 10.0; Time2Thresh [sec] = 6.0; Detections given in seconds from start of data
74.80
99.27
107.93
116.00
126.47
139.53
150.13
159.20
180.33
197.53
208.27
236.47
255.53
283.07
293.73
310.40
322.73
333.13
354.33
362.47
370.73
379.80
398.07
414.27
428.73
467.53
491.40
499.67
514.00
522.33
532.53
545.73
557.07
566.00
574.07
584.73
593.40
613.47
621.53
633.53
644.60
666.73
677.13
689.67
701.13
709.87
722.07
732.20
747.67
762.13
780.67
792.33
806.20
815.80
830.27
842.33
852.00
861.87
873.20
884.60
899.73
910.13
919.47
929.47
941.07
951.60
960.07
972.53
991.60
1007.13
1017.53
1026.20
1037.20
1045.93
1056.73
