Dataset = Clemson; RollThresh [deg/sec] = 10.0; Time2Thresh [sec] = 6.0; Detections given in seconds from start of data
45.80
72.87
84.40
96.80
108.87
120.20
128.67
148.20
156.27
177.40
186.67
198.07
207.60
225.40
242.07
250.27
260.53
279.27
296.47
309.00
327.47
336.00
359.67
376.67
388.87
400.20
416.27
429.73
443.47
460.07
497.07
507.20
520.27
528.80
549.60
570.80
582.00
592.13
601.20
611.13
620.80
633.40
641.53
652.53
661.80
677.80
688.07
698.87
711.33
720.60
739.33
747.40
756.53
768.40
795.40
803.47
816.20
830.33
847.27
859.00
899.53
907.60
945.07
974.47
1013.53
1036.60
1046.67
1075.60
1093.87
