Dataset = Clemson; RollThresh [deg/sec] = 10.0; Time2Thresh [sec] = 6.0; Detections given in seconds from start of data
216.07
227.33
239.93
253.60
283.60
293.33
304.73
314.20
323.53
334.87
360.13
371.00
382.60
397.67
409.87
417.93
438.67
452.87
488.60
500.53
511.33
520.53
548.33
577.13
594.93
607.40
618.60
630.07
638.27
647.20
669.27
681.27
690.13
701.47
714.27
722.47
732.07
743.13
762.20
780.67
793.87
811.47
820.67
836.33
848.60
864.73
874.93
884.27
897.93
911.73
928.40
937.00
946.07
955.67
966.13
974.20
986.80
1023.73
1046.00
1089.47
1099.20
1114.67
1137.07
1151.80
1162.93
1187.00
1216.00
1225.93
1236.40
1245.67
1264.73
1273.00
1296.60
1306.20
1321.40
1337.00
1347.67
1361.20
1394.53
1403.60
1415.33
1430.13
1439.07
1460.33
1474.80
