Dataset = Clemson; RollThresh [deg/sec] = 10.0; Time2Thresh [sec] = 6.0; Detections given in seconds from start of data
224.53
233.13
244.07
254.20
276.13
286.20
294.80
302.87
311.00
322.73
331.93
343.00
351.07
361.93
370.00
378.07
388.33
402.93
414.47
428.07
442.27
450.33
463.40
506.00
515.93
536.00
551.53
563.53
577.33
589.93
599.73
622.93
631.73
640.00
654.80
694.80
705.47
723.53
743.67
758.60
766.93
777.00
787.47
800.93
811.33
820.93
831.20
903.47
918.67
927.00
943.07
955.87
976.87
988.87
999.20
1010.87
1018.93
1045.00
1053.07
1065.87
