Dataset = Clemson; RollThresh [deg/sec] = 10.0; Time2Thresh [sec] = 6.0; Detections given in seconds from start of data
29.27
41.87
56.67
69.47
80.80
90.93
101.73
113.80
122.33
144.93
172.27
187.93
213.80
228.93
237.20
256.33
265.33
273.40
292.80
306.87
316.13
327.93
338.33
349.73
367.20
380.00
396.47
407.80
421.87
434.60
444.00
452.80
463.93
473.33
484.67
492.73
502.60
513.33
539.47
590.80
598.87
614.13
623.00
632.00
641.93
655.87
667.80
688.67
700.80
713.07
727.13
746.60
757.27
773.13
782.47
792.20
800.27
812.20
822.80
832.00
841.33
852.33
861.73
869.80
880.27
888.40
901.80
911.00
919.80
959.13
979.73
995.80
1007.00
1015.07
1025.53
1039.47
1069.87
1079.60
1088.47
1099.53
1115.80
1128.00
1141.27
1152.67
