Dataset = Clemson; RollThresh [deg/sec] = 10.0; Time2Thresh [sec] = 6.0; Detections given in seconds from start of data
310.93
328.67
344.60
354.67
363.33
374.53
388.87
396.93
408.00
419.47
427.87
439.27
450.60
460.00
468.67
476.73
485.67
497.07
509.20
518.93
528.20
542.67
551.07
565.73
576.07
590.67
601.40
609.47
619.00
628.00
656.00
665.13
697.20
706.13
715.53
723.60
734.93
743.00
753.47
768.87
778.53
804.87
816.33
833.60
852.73
863.67
871.73
880.87
892.27
901.60
927.67
938.67
948.80
959.00
976.13
984.67
994.40
1009.20
1020.07
1031.67
1043.40
1055.53
1068.33
1077.33
1105.20
1113.27
1129.93
1148.33
1163.60
1182.80
1193.67
1211.40
1222.53
1249.00
1259.33
