Dataset = Clemson; RollThresh [deg/sec] = 10.0; Time2Thresh [sec] = 6.0; Detections given in seconds from start of data
56.73
64.80
74.80
86.60
94.93
107.87
119.40
129.80
138.93
151.27
166.87
175.07
202.93
212.07
230.53
238.60
264.87
276.00
284.07
294.40
306.93
320.20
338.40
351.13
367.13
380.47
393.87
406.53
417.27
425.60
436.87
449.53
460.60
469.73
481.67
491.93
500.00
508.07
516.13
524.47
532.87
545.73
553.87
565.33
576.93
590.13
600.73
610.73
624.40
632.80
642.40
656.87
666.27
676.53
685.00
695.33
704.13
712.20
721.53
730.60
747.07
