Dataset = Clemson; RollThresh [deg/sec] = 10.0; Time2Thresh [sec] = 6.0; Detections given in seconds from start of data
68.67
108.53
118.67
132.87
143.93
169.73
190.27
212.00
222.47
230.53
245.20
256.27
274.33
283.87
296.47
307.93
319.13
332.20
340.60
358.67
367.80
418.60
426.67
434.73
454.93
473.73
484.20
493.27
512.13
523.87
539.13
551.73
562.60
571.93
583.07
592.07
602.00
610.07
619.60
627.67
645.07
656.07
664.13
673.00
690.20
701.73
711.87
723.13
733.60
743.47
752.33
761.07
785.53
802.73
833.20
842.80
866.67
886.27
897.07
