Dataset = Clemson; RollThresh [deg/sec] = 10.0; Time2Thresh [sec] = 6.0; Detections given in seconds from start of data
65.33
82.60
93.80
109.67
118.67
128.60
140.53
151.33
162.40
178.07
190.80
201.47
210.40
242.07
258.93
307.87
317.00
325.80
339.67
368.73
382.47
392.33
414.60
427.20
435.80
443.87
454.47
462.53
475.67
488.67
506.13
524.00
533.27
542.13
552.47
563.73
582.93
593.53
602.80
618.73
628.60
645.87
658.27
669.07
679.47
693.00
703.47
711.87
724.33
742.80
750.87
763.33
772.80
780.87
799.13
835.27
850.20
859.67
888.27
910.87
926.87
950.00
964.47
