Dataset = Clemson; RollThresh [deg/sec] = 10.0; Time2Thresh [sec] = 6.0; Detections given in seconds from start of data
121.73
134.67
146.07
154.67
165.00
174.00
188.00
197.53
212.07
222.40
236.20
254.40
264.00
272.87
283.47
293.00
303.93
314.33
322.80
337.20
347.40
357.00
365.07
373.13
383.93
393.20
405.07
418.20
426.27
439.93
448.20
461.00
477.13
486.60
496.33
506.33
516.47
526.27
539.27
547.33
556.07
567.33
578.80
590.33
598.47
606.60
620.47
628.53
638.20
647.53
659.60
667.67
686.47
704.67
712.73
725.73
