Dataset = Clemson; RollThresh [deg/sec] = 10.0; Time2Thresh [sec] = 6.0; Detections given in seconds from start of data
36.00
45.27
59.73
68.33
84.53
93.67
101.73
113.07
124.80
134.67
152.80
162.93
174.20
190.60
200.53
210.40
223.47
236.07
244.60
254.40
269.20
279.33
302.80
316.40
325.47
340.33
349.07
358.47
366.53
379.93
389.47
401.07
412.67
427.13
435.20
445.27
454.00
463.27
471.73
484.47
494.00
503.47
511.53
522.73
534.00
549.73
562.47
573.67
590.27
603.53
619.47
630.60
643.80
665.73
674.67
684.47
692.87
700.93
715.80
724.73
