Dataset = Clemson; RollThresh [deg/sec] = 10.0; Time2Thresh [sec] = 6.0; Detections given in seconds from start of data
118.87
130.87
145.67
162.07
187.33
198.00
208.73
228.27
249.73
267.20
282.00
329.07
346.53
373.40
407.33
427.47
438.93
455.53
524.40
544.60
562.13
570.67
582.13
597.20
606.00
625.20
638.53
653.47
665.13
675.93
689.87
705.33
715.87
725.27
735.13
756.93
765.00
777.13
792.20
804.73
818.73
836.27
845.93
854.60
869.13
881.27
890.20
899.80
909.07
917.13
929.00
938.53
957.27
968.73
977.00
985.73
997.93
1012.67
1024.87
1033.13
1041.47
1049.53
1060.40
1077.73
1095.53
1106.40
1118.40
1130.33
1146.60
1158.07
1166.13
1175.60
1189.40
1206.73
1216.20
1227.73
1241.27
1254.93
1272.93
1284.00
1296.87
1305.40
1323.60
1331.67
1349.07
1358.73
1368.53
1377.13
1387.53
1431.27
1450.87
1479.00
1487.47
1495.53
1513.80
1544.13
1556.87
1576.60
1592.73
1602.27
1618.07
1629.13
1640.33
1650.73
1676.67
1685.60
1694.07
1704.33
1716.93
1729.27
1738.20
1749.53
1763.93
1776.27
