Dataset = Clemson; RollThresh [deg/sec] = 10.0; Time2Thresh [sec] = 6.0; Detections given in seconds from start of data
12.33
20.40
29.33
40.67
54.87
79.60
90.40
98.93
107.53
121.87
135.73
143.80
156.20
164.40
172.53
184.40
193.13
201.20
217.27
226.47
235.07
243.33
254.47
263.00
273.73
282.27
292.60
302.47
310.67
331.47
341.40
350.07
358.20
371.80
387.07
405.27
418.60
434.00
442.67
521.33
531.93
541.93
562.93
572.07
580.60
589.80
601.33
615.27
626.20
635.67
643.93
652.53
661.07
672.33
680.87
688.93
697.20
709.33
719.60
732.80
743.40
752.07
784.07
