Dataset = Clemson; RollThresh [deg/sec] = 10.0; Time2Thresh [sec] = 6.0; Detections given in seconds from start of data
110.20
121.20
142.80
152.13
162.53
175.13
200.93
222.07
242.40
263.27
283.27
293.60
307.13
316.20
326.13
335.27
351.07
361.80
369.87
385.87
409.87
425.60
446.53
466.53
479.60
490.00
501.80
512.53
524.67
536.47
552.73
560.80
573.13
612.60
639.13
659.33
667.67
680.00
705.67
726.67
766.73
878.47
893.07
919.47
939.33
1016.20
1068.33
1086.87
1096.20
1112.13
1129.47
1160.60
1169.13
1179.20
1189.80
1209.53
1218.20
1250.60
1286.47
