Dataset = Clemson; RollThresh [deg/sec] = 10.0; Time2Thresh [sec] = 6.0; Detections given in seconds from start of data
127.47
137.80
146.87
157.40
167.87
177.00
188.80
197.87
206.27
230.80
263.93
276.67
286.87
297.93
309.33
320.07
330.87
338.93
351.00
359.07
367.13
375.53
384.07
399.60
417.27
449.47
457.53
466.87
477.27
486.67
495.80
504.33
518.87
528.40
536.93
546.67
556.47
565.07
580.67
591.33
604.07
613.20
622.80
632.07
641.67
650.33
664.60
675.33
686.13
696.20
706.00
715.07
725.27
734.07
743.93
755.87
772.00
780.87
789.40
798.93
846.80
857.13
881.40
903.47
916.33
926.67
935.20
943.27
952.53
962.07
972.67
988.13
996.20
1005.53
1017.27
1025.33
