Dataset = Clemson; RollThresh [deg/sec] = 10.0; Time2Thresh [sec] = 6.0; Detections given in seconds from start of data
87.67
96.33
106.47
123.33
132.93
142.93
158.13
179.67
188.47
208.73
219.07
230.53
243.87
254.47
264.93
280.47
292.27
317.60
333.07
341.40
351.07
365.27
373.93
385.93
394.00
404.87
418.67
430.13
448.07
468.33
481.93
494.73
503.40
513.93
531.33
541.67
550.87
558.93
573.87
582.73
591.53
600.53
613.80
621.87
634.87
642.93
652.27
663.67
697.13
705.33
717.33
728.00
736.07
752.40
765.40
775.40
786.33
801.47
812.80
827.93
836.13
846.87
