Dataset = Clemson; RollThresh [deg/sec] = 10.0; Time2Thresh [sec] = 6.0; Detections given in seconds from start of data
69.93
90.53
105.67
120.40
128.47
139.33
147.40
159.40
167.53
194.80
205.13
217.47
229.73
260.00
268.07
276.13
286.00
294.47
305.00
319.80
337.07
376.07
411.93
424.13
433.33
463.07
474.20
493.07
502.60
513.40
521.60
535.07
545.80
556.07
567.33
577.07
585.53
594.13
605.87
615.80
623.87
633.93
644.60
654.67
665.00
675.33
687.53
699.53
711.87
725.67
733.73
743.87
753.60
764.27
779.33
790.20
802.67
812.33
823.47
835.00
844.87
857.53
868.53
888.13
903.40
912.53
921.00
929.33
940.13
950.00
961.67
971.93
981.00
