Dataset = Clemson; RollThresh [deg/sec] = 10.0; Time2Thresh [sec] = 6.0; Detections given in seconds from start of data
75.00
93.13
102.33
117.27
125.33
134.33
147.20
157.07
171.40
180.07
189.87
200.67
215.07
225.60
235.87
245.80
254.87
264.80
277.47
287.20
295.40
306.53
315.87
324.53
341.13
351.13
360.80
372.13
382.13
390.20
399.13
407.67
418.67
429.13
446.73
457.80
473.20
484.07
493.87
505.93
514.27
531.20
544.00
556.93
565.33
574.87
585.00
597.60
606.20
616.07
625.73
635.93
651.60
659.73
687.73
695.80
708.00
728.67
738.13
752.07
767.93
784.33
792.40
800.93
825.20
841.47
857.73
873.87
887.87
897.80
