Dataset = Clemson; RollThresh [deg/sec] = 10.0; Time2Thresh [sec] = 6.0; Detections given in seconds from start of data
65.13
76.67
84.80
107.80
120.47
131.13
140.13
148.20
157.73
168.87
182.47
193.27
203.80
215.40
225.20
247.07
258.40
266.67
274.73
284.93
294.33
304.27
315.87
326.27
338.80
347.87
357.60
386.13
397.20
405.33
417.53
425.73
437.87
450.73
460.00
473.80
482.27
494.87
509.20
517.27
529.20
540.40
553.33
561.40
573.67
581.87
592.33
603.00
627.33
640.87
653.40
664.13
672.40
688.20
699.27
707.40
716.00
725.27
736.07
747.20
762.67
772.47
783.93
792.53
805.53
814.40
827.13
835.87
846.60
854.67
867.87
880.73
892.27
924.13
936.53
951.27
960.00
968.07
983.67
996.60
1007.60
1016.07
1025.20
1033.33
1041.60
1050.93
1059.00
1067.07
1076.73
1084.87
1095.33
1106.67
1120.07
1132.80
1142.20
1150.27
1170.13
1179.53
1190.27
1205.47
1215.73
1224.27
1232.33
1240.40
1248.47
1256.53
1266.00
1277.67
1288.93
1297.00
1306.07
1318.40
1328.07
1345.93
1355.47
1368.00
1376.47
1399.47
1410.87
1419.80
1430.40
1442.40
1451.40
1463.27
1471.33
1479.80
1491.40
1500.33
1515.00
1525.67
1534.07
1602.20
1616.00
