Dataset = Clemson; RollThresh [deg/sec] = 10.0; Time2Thresh [sec] = 6.0; Detections given in seconds from start of data
97.40
115.60
125.27
133.67
145.87
157.60
166.40
175.27
193.13
207.80
217.80
226.73
236.07
247.07
257.87
285.80
305.67
313.73
343.80
355.20
374.47
383.27
403.53
413.60
422.53
432.33
445.00
455.07
465.60
475.33
496.00
505.33
514.13
542.53
556.33
579.47
588.33
626.60
648.60
659.00
670.47
682.13
693.67
717.13
725.20
733.27
746.93
767.47
783.20
793.20
808.33
819.33
836.00
855.67
864.40
875.80
