Dataset = Clemson; RollThresh [deg/sec] = 10.0; Time2Thresh [sec] = 6.0; Detections given in seconds from start of data
72.73
81.20
132.87
141.93
160.67
169.20
177.67
191.87
199.93
209.80
221.27
233.67
244.53
257.67
268.53
283.67
291.80
301.53
314.87
324.80
367.93
378.87
386.93
396.67
406.00
419.13
429.80
442.07
452.00
460.07
472.40
480.47
492.47
503.20
511.87
523.20
534.53
543.13
552.07
560.93
571.40
586.87
598.67
617.93
637.20
647.07
659.53
669.40
678.93
688.93
697.73
706.60
719.07
732.07
742.93
751.00
759.40
769.40
777.73
786.20
794.73
805.20
822.13
830.20
841.73
