Dataset = Clemson; RollThresh [deg/sec] = 10.0; Time2Thresh [sec] = 6.0; Detections given in seconds from start of data
301.07
309.40
317.47
328.67
340.33
348.40
356.47
367.33
392.07
400.20
415.80
432.33
440.60
449.53
469.27
480.20
513.27
532.00
545.53
556.20
565.40
574.33
586.73
600.93
612.93
630.33
643.33
653.53
673.47
686.80
702.47
724.87
733.60
744.33
757.27
768.40
790.00
802.13
810.20
828.93
840.40
849.13
862.73
874.67
888.67
896.73
921.60
939.73
972.27
987.13
1000.73
1011.73
1021.13
1029.80
1040.00
1069.13
1080.87
1091.87
1118.20
1132.33
1143.67
1153.33
1169.13
1179.67
1191.00
1203.27
1213.67
