Dataset = Clemson; RollThresh [deg/sec] = 10.0; Time2Thresh [sec] = 6.0; Detections given in seconds from start of data
107.13
119.20
135.60
146.67
163.07
173.27
181.47
194.00
222.33
230.47
238.73
253.67
261.73
271.07
288.00
298.93
311.33
325.40
338.00
359.80
370.33
380.00
392.67
401.60
422.93
436.87
447.20
457.00
479.73
497.67
509.20
520.47
533.80
542.13
558.33
569.60
586.67
601.07
615.33
631.27
639.33
648.73
662.20
678.27
692.47
700.67
717.67
730.80
749.40
764.40
772.93
783.07
792.13
808.00
816.67
833.60
846.07
854.73
866.07
