Dataset = Clemson; RollThresh [deg/sec] = 10.0; Time2Thresh [sec] = 6.0; Detections given in seconds from start of data
30.20
44.00
58.73
69.40
94.07
106.00
121.73
130.40
138.47
148.87
157.20
169.20
178.33
190.47
200.87
209.80
218.07
226.13
240.40
250.87
258.93
267.00
276.27
295.33
304.73
315.53
326.13
334.47
345.93
355.00
364.87
378.40
387.40
399.27
408.20
416.27
425.60
441.27
450.53
462.27
474.67
493.73
508.47
516.53
526.67
539.73
558.00
567.73
583.53
592.87
602.27
610.33
618.40
626.47
635.80
643.87
652.13
662.07
673.47
681.73
689.80
700.40
718.67
734.67
742.73
752.47
761.73
770.40
779.40
791.33
804.87
813.67
821.73
833.93
842.40
851.73
864.20
874.73
882.87
895.60
904.00
917.27
926.40
940.47
950.73
969.33
977.93
987.67
1029.00
1041.60
