Dataset = Clemson; RollThresh [deg/sec] = 10.0; Time2Thresh [sec] = 6.0; Detections given in seconds from start of data
236.93
248.00
258.67
267.73
277.53
287.60
298.93
308.00
316.07
327.80
335.87
349.40
360.47
369.73
389.80
400.80
408.87
428.80
438.07
453.67
466.60
493.87
508.93
519.80
529.33
546.93
555.40
568.67
579.00
587.80
597.27
609.07
617.33
644.87
658.20
668.47
682.27
692.13
700.27
712.67
721.93
731.27
739.53
747.60
763.60
794.13
818.40
828.33
837.00
854.13
877.20
885.40
894.20
903.73
913.47
922.27
933.60
945.53
971.60
997.13
1012.80
1021.53
1032.40
1043.53
1051.73
1061.27
1070.20
1079.60
1091.20
1100.20
1112.93
1128.60
1137.60
1148.53
1157.73
