Dataset = Clemson; RollThresh [deg/sec] = 10.0; Time2Thresh [sec] = 6.0; Detections given in seconds from start of data
46.67
64.93
73.00
94.20
103.27
133.20
150.33
165.93
174.20
182.93
202.07
211.27
229.53
239.87
253.07
262.20
271.67
281.13
290.13
303.80
326.27
336.47
346.73
363.13
372.67
380.73
391.27
406.33
414.40
423.87
434.33
442.40
459.27
470.67
478.73
486.93
501.93
517.80
527.13
537.27
556.13
576.20
585.20
595.07
606.73
628.67
645.73
654.67
665.60
674.80
684.60
694.87
703.93
712.27
720.33
742.87
751.60
761.13
770.53
780.33
792.07
800.47
811.73
833.67
846.53
854.60
866.07
875.80
888.27
902.87
911.00
920.60
928.67
937.80
966.87
976.73
989.40
998.67
1064.33
1074.47
1083.20
1094.00
1105.80
1117.33
