Dataset = Clemson; RollThresh [deg/sec] = 10.0; Time2Thresh [sec] = 6.0; Detections given in seconds from start of data
127.67
157.13
165.20
178.80
194.60
208.67
222.00
244.13
254.20
263.20
272.73
285.67
299.07
309.73
338.53
353.07
371.67
379.73
389.40
399.00
408.27
447.40
458.60
476.40
484.47
492.53
504.93
519.73
532.87
548.60
559.20
574.53
583.87
593.53
605.53
618.40
626.80
638.93
652.93
663.00
672.00
680.80
692.60
704.07
716.93
733.53
754.67
762.73
770.80
789.87
802.00
812.47
820.53
831.33
861.87
873.80
882.40
892.07
904.20
925.00
933.07
943.00
957.00
969.93
992.07
1000.13
1015.80
1030.87
1043.73
1070.27
1081.27
1092.67
1115.40
1162.87
