Dataset = Clemson; RollThresh [deg/sec] = 10.0; Time2Thresh [sec] = 6.0; Detections given in seconds from start of data
234.80
246.20
254.87
269.27
277.67
288.87
302.73
334.40
344.33
353.73
364.40
380.40
389.47
403.87
412.80
422.47
435.20
444.00
456.27
465.73
479.40
488.67
499.27
512.67
527.80
543.47
551.53
559.67
567.73
575.80
594.47
603.13
612.27
620.33
629.13
640.27
649.33
659.73
669.07
677.27
686.53
696.40
704.53
713.53
721.60
731.07
739.13
750.60
759.27
768.07
779.20
789.87
799.33
808.73
817.07
825.13
839.13
849.87
858.20
866.40
876.93
885.87
899.93
908.40
917.80
930.33
938.40
952.93
961.07
969.13
978.47
986.53
996.20
1005.27
