Dataset = Clemson; RollThresh [deg/sec] = 10.0; Time2Thresh [sec] = 6.0; Detections given in seconds from start of data
172.93
186.47
208.33
222.27
253.67
264.27
310.00
347.47
379.47
420.27
432.13
464.40
493.93
503.13
525.87
568.53
601.93
625.53
639.87
647.93
656.00
703.33
713.87
728.87
741.33
789.60
816.27
824.67
858.47
866.87
896.27
910.87
920.73
1021.40
1029.47
1069.60
1100.60
1109.20
1192.73
1219.27
1238.20
1262.33
1270.40
1310.60
1319.60
1357.40
1465.87
1517.53
1527.00
1588.53
1600.47
1617.80
1630.20
1639.67
1664.20
1686.00
1695.13
