Dataset = Clemson; RollThresh [deg/sec] = 10.0; Time2Thresh [sec] = 6.0; Detections given in seconds from start of data
139.73
148.33
156.73
166.27
176.40
192.93
201.00
210.40
244.87
252.93
272.93
281.00
303.93
312.00
324.27
352.33
362.93
388.87
398.67
410.33
419.27
427.67
451.60
467.33
477.27
487.67
498.47
525.60
539.93
551.07
559.73
569.07
588.27
607.13
624.60
633.20
641.73
663.20
673.20
681.93
696.80
705.40
714.80
728.07
737.93
747.60
757.60
767.27
777.40
787.47
796.33
805.00
835.13
843.93
852.00
870.73
885.20
895.20
913.40
934.07
947.67
956.87
965.87
981.93
997.07
1009.53
1020.87
1031.67
1041.27
1049.93
1061.40
1072.27
1084.00
1101.60
1119.20
1128.40
1139.00
1151.73
1159.80
1168.33
1177.13
