Dataset = Clemson; RollThresh [deg/sec] = 10.0; Time2Thresh [sec] = 6.0; Detections given in seconds from start of data
161.93
170.00
180.93
191.53
199.60
208.07
216.87
226.00
235.13
247.40
255.87
266.40
278.13
286.20
299.33
308.80
332.13
343.13
351.20
360.87
375.73
384.60
393.87
402.93
420.40
431.80
441.07
449.13
465.47
474.33
493.47
501.73
512.20
522.33
533.87
542.13
553.73
561.80
574.47
590.13
599.67
612.47
630.47
642.20
652.93
661.47
675.73
710.93
728.07
738.47
751.67
763.40
772.33
783.40
792.13
804.13
813.33
834.93
848.87
866.47
875.27
889.53
900.53
912.20
922.93
950.80
964.87
987.40
1008.13
1022.07
1030.13
1043.07
1072.40
1082.27
1092.67
