Dataset = Clemson; RollThresh [deg/sec] = 10.0; Time2Thresh [sec] = 6.0; Detections given in seconds from start of data
39.73
48.27
60.27
74.73
87.80
105.47
114.33
130.67
142.07
150.13
163.13
172.47
181.93
192.93
201.87
210.40
224.07
246.47
256.40
264.47
284.27
294.20
305.20
317.13
325.40
338.53
347.67
358.33
402.73
411.73
423.60
432.20
441.73
449.80
458.53
473.20
527.07
543.80
552.13
560.87
569.40
580.60
592.00
602.53
624.73
639.93
650.27
703.20
714.20
727.20
746.73
756.53
765.93
777.53
789.53
799.87
845.00
867.87
