Dataset = Clemson; RollThresh [deg/sec] = 10.0; Time2Thresh [sec] = 6.0; Detections given in seconds from start of data
76.73
84.80
94.20
108.60
124.73
141.87
151.33
159.53
171.80
193.07
201.47
214.27
223.20
237.00
245.33
257.60
268.20
277.93
288.73
306.27
322.20
332.67
354.40
363.67
374.13
384.80
398.00
406.67
419.80
443.73
453.67
464.27
476.40
575.80
621.73
634.47
662.20
695.13
712.40
721.53
736.93
758.67
805.60
833.13
863.60
883.13
900.73
915.07
928.47
937.07
946.87
954.93
971.87
1127.33
1156.87
1215.20
