Dataset = Clemson; RollThresh [deg/sec] = 10.0; Time2Thresh [sec] = 6.0; Detections given in seconds from start of data
58.87
67.60
83.67
91.73
108.53
127.53
139.67
151.00
159.73
170.40
188.87
206.60
219.33
227.93
236.33
245.40
259.20
268.20
285.00
294.07
311.67
324.73
339.67
355.40
365.33
378.93
400.13
409.20
422.13
431.27
439.33
447.67
461.73
476.27
487.33
495.40
511.00
525.33
533.87
546.33
558.00
567.73
578.93
588.60
597.27
610.27
626.13
636.40
651.40
676.60
691.13
701.40
709.73
725.20
744.00
752.73
761.13
772.60
787.40
799.40
808.60
821.47
834.20
842.67
854.80
866.73
876.20
885.73
893.80
903.00
911.53
921.07
932.67
