Dataset = Clemson; RollThresh [deg/sec] = 10.0; Time2Thresh [sec] = 6.0; Detections given in seconds from start of data
93.00
102.33
111.13
124.60
134.20
143.20
154.00
164.80
173.93
186.20
195.93
208.13
219.87
232.20
247.73
262.20
273.87
283.20
294.00
304.80
312.87
323.13
331.20
347.27
358.73
367.07
375.13
384.67
395.20
404.27
413.27
427.20
435.80
445.00
455.33
463.47
474.00
486.20
496.53
505.07
513.13
522.00
530.80
542.20
564.27
575.80
588.53
596.60
615.93
627.53
637.07
659.40
674.47
688.87
702.33
713.60
731.87
757.13
770.07
791.13
800.60
809.13
829.53
837.73
853.80
863.07
871.67
881.13
891.40
900.87
914.87
924.47
932.53
942.80
951.93
961.00
972.33
983.87
994.60
1009.00
1032.20
1044.80
1054.40
1065.80
1074.27
1089.67
1100.60
1117.33
1128.67
1146.27
1161.20
1169.27
