Dataset = Clemson; RollThresh [deg/sec] = 10.0; Time2Thresh [sec] = 6.0; Detections given in seconds from start of data
22.67
30.73
42.33
50.87
63.33
75.13
92.67
106.20
115.27
129.27
140.00
148.73
159.20
168.47
183.00
196.67
205.40
232.27
242.87
260.67
273.33
282.60
293.67
305.93
319.53
330.40
341.07
349.27
358.20
367.67
377.87
390.33
399.93
408.13
423.80
453.60
471.40
481.13
510.60
534.40
542.60
551.13
569.33
591.07
602.27
610.40
619.20
634.27
643.20
652.13
665.47
674.60
693.13
709.80
718.27
738.87
788.27
821.53
830.40
839.40
848.93
886.93
896.47
921.47
931.73
942.53
958.07
968.73
