Dataset = Clemson; RollThresh [deg/sec] = 10.0; Time2Thresh [sec] = 6.0; Detections given in seconds from start of data
73.33
82.73
95.40
108.33
116.40
125.47
135.60
144.73
152.80
165.07
181.33
194.53
205.67
222.67
232.60
247.20
256.27
267.73
279.87
300.33
309.80
321.20
333.73
345.40
353.73
362.13
374.13
389.00
398.47
407.40
416.60
425.13
436.87
453.53
461.60
471.67
479.73
490.27
501.27
511.60
521.27
540.60
551.13
559.20
570.47
583.07
594.80
603.53
644.60
659.67
671.07
680.80
690.80
699.87
713.07
735.80
756.07
790.47
798.53
