Dataset = Clemson; RollThresh [deg/sec] = 10.0; Time2Thresh [sec] = 6.0; Detections given in seconds from start of data
35.20
56.07
76.33
86.73
95.80
104.47
114.53
130.93
139.73
153.33
162.60
173.27
190.80
204.73
213.53
229.73
242.00
253.33
313.60
326.40
342.27
369.53
387.13
395.20
404.27
422.67
431.80
448.00
471.00
485.40
500.40
508.80
519.27
545.07
556.93
567.07
575.53
585.47
596.87
607.40
616.00
639.07
664.47
675.33
686.07
694.27
708.33
719.07
729.47
738.33
750.07
766.40
790.33
810.53
831.47
883.73
893.40
919.13
929.20
938.13
949.47
967.60
975.67
987.27
995.33
1003.40
1014.93
1027.33
1048.33
1059.13
1113.80
1132.60
1142.47
1155.67
1174.67
1192.60
