Dataset = Clemson; RollThresh [deg/sec] = 10.0; Time2Thresh [sec] = 6.0; Detections given in seconds from start of data
100.00
113.80
136.07
146.60
158.47
170.47
182.00
190.73
207.67
219.87
227.93
241.13
249.20
257.27
266.27
282.07
290.40
299.00
315.13
325.67
335.80
354.73
368.07
393.60
414.80
432.73
447.53
455.60
466.20
483.60
491.67
503.27
529.40
543.40
553.00
561.87
571.87
582.80
593.07
603.47
613.93
628.27
644.07
656.47
667.87
688.87
698.00
708.20
718.13
728.20
739.53
755.20
764.07
776.73
788.93
800.60
811.80
825.20
834.07
856.67
