Dataset = Clemson; RollThresh [deg/sec] = 10.0; Time2Thresh [sec] = 6.0; Detections given in seconds from start of data
80.67
90.07
104.00
116.07
132.47
149.13
160.87
168.93
179.73
187.80
198.53
216.13
273.80
281.87
290.53
323.73
331.80
359.93
371.13
393.80
401.87
414.73
422.87
432.87
440.93
449.00
458.87
466.93
476.40
490.80
502.00
512.47
521.80
530.60
541.00
549.07
566.67
579.87
588.13
596.67
623.13
634.87
656.53
665.20
703.73
712.53
725.73
739.67
749.93
766.67
787.60
798.73
808.00
816.07
828.73
845.47
858.73
868.00
878.40
888.00
910.67
