Dataset = Clemson; RollThresh [deg/sec] = 10.0; Time2Thresh [sec] = 6.0; Detections given in seconds from start of data
51.20
62.47
72.93
86.93
96.80
108.53
119.53
133.27
142.40
154.47
163.53
172.07
180.53
194.33
203.00
216.00
225.87
244.40
252.93
261.93
271.27
286.60
294.67
305.00
315.60
323.93
332.80
349.67
357.93
371.40
385.33
396.60
404.80
415.53
429.73
439.07
460.93
477.27
495.07
503.13
511.20
519.93
537.80
546.20
560.80
575.80
591.13
604.00
621.80
630.20
644.33
656.60
666.80
683.07
692.53
701.80
719.33
732.27
742.00
