Dataset = Clemson; RollThresh [deg/sec] = 10.0; Time2Thresh [sec] = 6.0; Detections given in seconds from start of data
52.60
61.07
69.60
84.93
95.20
103.27
115.13
123.20
131.47
139.53
151.40
160.53
168.60
179.07
193.67
207.47
216.47
227.67
243.33
256.13
267.93
278.60
287.20
297.80
306.13
315.60
323.67
332.53
344.67
363.33
372.27
383.00
394.67
404.60
428.33
441.67
451.33
463.40
472.13
486.53
502.40
510.47
518.53
536.20
553.47
561.53
574.80
586.27
607.27
617.80
632.33
650.33
660.67
671.40
688.80
696.87
706.20
718.27
731.07
741.47
751.80
760.67
