Dataset = Clemson; RollThresh [deg/sec] = 10.0; Time2Thresh [sec] = 6.0; Detections given in seconds from start of data
112.40
124.80
143.27
151.87
165.20
177.60
194.53
219.93
235.87
250.27
260.07
269.60
278.40
289.13
297.20
305.27
317.93
327.40
337.73
354.07
365.93
374.33
384.67
397.87
413.87
423.53
434.60
443.07
455.40
464.40
474.47
484.60
494.73
506.47
525.80
541.87
551.60
591.87
633.60
662.20
684.20
702.40
713.33
724.53
739.67
749.27
757.67
766.07
785.33
796.87
806.73
816.60
829.73
841.20
852.13
860.20
890.00
900.47
917.33
931.07
951.00
962.00
970.07
979.67
993.13
1015.33
1024.87
1037.40
1049.67
1060.40
1073.13
1083.60
1098.47
1108.40
1127.87
1137.07
1146.20
1155.33
1173.13
1196.00
1207.40
1218.60
1238.47
1247.20
1257.93
1267.67
1277.60
1287.47
1304.73
1316.60
1334.07
1343.73
1355.20
1374.33
1385.93
1403.07
1411.20
1419.53
1430.73
1438.80
1448.00
1467.93
1476.00
