Dataset = Clemson; RollThresh [deg/sec] = 10.0; Time2Thresh [sec] = 6.0; Detections given in seconds from start of data
70.80
82.80
94.87
103.53
113.33
133.13
149.73
165.87
188.20
197.33
209.80
222.53
234.80
246.07
260.93
276.93
294.80
307.87
325.27
346.73
355.20
367.60
378.87
393.53
403.87
411.93
427.67
439.80
451.93
462.13
478.07
499.13
507.20
525.60
541.47
591.40
607.13
618.93
632.73
645.00
655.20
666.87
689.53
697.60
708.67
732.40
752.93
768.60
778.53
789.40
803.20
814.47
847.40
869.73
890.87
919.07
