Dataset = Clemson; RollThresh [deg/sec] = 10.0; Time2Thresh [sec] = 6.0; Detections given in seconds from start of data
24.00
40.47
48.53
59.80
71.20
82.27
93.00
106.47
116.47
124.60
143.80
155.13
166.47
178.00
188.20
201.20
220.60
233.73
243.40
253.87
264.27
275.73
293.07
301.40
310.67
323.53
331.80
342.47
352.67
364.33
376.27
387.13
395.27
404.60
413.60
429.20
439.60
450.80
460.40
468.47
480.73
488.87
498.53
509.07
530.93
543.67
554.20
564.60
578.53
599.40
610.33
621.40
629.60
643.40
653.07
661.80
673.07
691.13
699.53
714.93
730.13
738.60
749.67
762.87
773.93
783.87
791.93
800.80
816.33
827.93
839.13
855.67
867.13
875.73
892.93
905.27
