Dataset = Clemson; RollThresh [deg/sec] = 10.0; Time2Thresh [sec] = 6.0; Detections given in seconds from start of data
179.40
192.47
205.13
217.80
231.53
247.67
265.60
283.93
292.00
303.80
316.47
329.40
340.40
348.47
360.00
372.73
382.67
393.20
406.27
419.07
433.53
442.20
458.60
469.60
477.73
494.07
504.13
514.47
524.67
557.20
569.00
585.60
621.80
634.07
645.80
661.47
673.33
683.00
696.80
714.27
733.87
748.73
758.93
767.93
786.13
800.47
812.47
822.73
830.80
841.40
850.00
859.60
868.07
877.67
891.93
904.53
912.60
923.40
933.07
943.27
951.33
967.93
981.80
1016.93
1031.60
1039.67
1048.00
1063.47
1071.53
1079.60
1089.40
1106.40
1130.13
1145.80
1155.47
1174.40
1192.60
1207.67
1228.93
1237.80
1245.87
