Dataset = Clemson; RollThresh [deg/sec] = 10.0; Time2Thresh [sec] = 6.0; Detections given in seconds from start of data
65.80
75.60
95.00
125.33
148.67
228.07
244.27
253.67
282.33
322.07
330.33
352.27
363.60
390.47
399.27
423.73
455.67
474.53
491.67
519.13
531.33
555.07
580.93
606.33
628.93
653.20
685.87
707.53
726.73
735.33
747.53
760.00
783.93
792.53
809.80
837.20
850.47
879.67
912.13
927.07
937.07
962.33
977.60
992.27
1000.33
1021.93
1034.73
1046.00
1055.13
1064.93
1080.53
1090.00
1106.07
1127.60
1135.67
1175.47
1186.40
1201.53
1212.53
