Dataset = Dom OREBA One Hand (Dom GT Only); Detections given in seconds from start of data
62.75
68.12
89.62
105.00
124.62
139.75
158.38
162.75
202.75
225.62
239.25
257.50
288.00
298.00
314.25
333.38
362.75
416.38
545.62
556.00
558.62
603.38
645.00
678.38
688.75
756.62
773.50
792.12
832.88
855.75
887.25
902.75
907.12
922.38
927.88
936.50
939.88
966.50
983.88
993.25
1017.00
1023.62
1026.12
1035.00
1040.62
1044.50
1059.00
1092.88
1108.00
1120.00
1124.38
1126.75
1131.50
1138.50
1145.00
1152.25
1156.12
