Dataset = Dom Clemson(Dom GT Only); Detections given in seconds from start of data
72.28
78.66
80.62
102.66
139.78
143.16
154.78
161.53
177.00
181.50
189.66
197.81
214.78
253.88
308.16
327.19
334.41
344.25
346.31
353.91
357.94
363.09
375.84
389.44
403.88
406.97
419.06
466.69
469.50
478.78
488.72
499.97
511.50
525.28
544.78
551.16
559.41
568.12
571.41
577.03
581.06
592.78
598.97
603.56
608.16
610.41
616.12
635.16
654.28
661.31
669.09
676.31
678.38
696.94
699.38
708.38
713.44
728.72
736.22
748.69
808.03
822.38
835.22
846.47
857.62
864.75
873.84
876.00
890.72
898.97
913.97
922.03
924.75
928.88
938.34
948.75
954.94
971.34
975.66
982.97
991.12
993.09
999.38
1001.34
1003.31
1006.69
1011.66
1020.47
1056.28
1074.75
1076.72
1081.88
1091.62
1094.34
1098.00
1103.91
1112.91
1114.97
1129.31
1138.31
1157.16
1183.88
1245.75
1303.78
1309.88
1316.72
1324.03
1337.91
1344.19
1348.12
1362.09
1367.06
1371.28
1374.28
1383.00
