Dataset = Dom Clemson(Dom GT Only); Detections given in seconds from start of data
83.09
86.28
90.69
95.94
99.31
104.00
107.28
122.47
130.72
138.78
170.19
230.19
242.09
257.38
262.62
271.25
277.16
285.41
293.94
318.88
325.25
331.81
339.03
344.38
353.84
366.88
373.81
375.88
382.91
389.75
401.19
411.78
422.84
434.47
446.75
451.62
462.31
469.81
475.44
483.41
489.97
496.72
511.81
519.69
528.69
543.22
555.59
565.62
581.00
590.19
598.44
602.00
608.84
619.25
643.53
648.31
654.50
663.97
681.12
686.75
703.62
710.28
717.97
730.91
737.84
744.88
748.62
762.78
769.62
774.97
783.41
790.06
797.66
811.25
815.75
823.34
