Dataset = Dom Clemson(Dom GT Only); Detections given in seconds from start of data
244.88
252.56
258.09
266.53
268.50
289.50
299.25
301.41
310.31
314.44
330.66
421.41
426.47
444.66
475.12
478.41
497.06
508.22
511.41
526.59
528.75
545.34
550.59
569.06
585.28
589.03
598.59
644.62
658.78
671.53
674.53
711.84
715.03
728.16
730.22
744.00
755.06
760.88
770.72
774.28
776.53
793.31
810.09
840.75
846.00
848.72
855.38
861.00
871.59
873.66
880.59
892.59
898.31
909.66
911.62
921.19
926.44
929.81
933.66
970.50
978.09
980.06
995.25
1043.72
1056.19
1065.28
1067.62
1075.03
1090.12
1092.94
1103.34
1117.12
1139.44
1141.69
1161.28
1167.66
1180.41
1191.47
1198.03
1204.88
1213.69
1215.84
1229.16
1236.28
1243.59
1245.56
1255.03
1261.88
1272.09
1277.81
1279.78
1286.81
1289.25
1297.12
1308.19
1313.62
1318.59
1335.47
1345.22
1350.19
1363.88
1365.84
1378.78
1387.22
1389.19
1392.19
1396.12
1400.16
1406.62
1408.88
1414.97
1418.44
1430.06
1446.00
1450.22
1457.81
1464.66
1474.03
1488.38
1504.69
1523.25
