Dataset = Dom Clemson(Dom GT Only); Detections given in seconds from start of data
227.91
233.06
237.56
249.75
254.81
256.78
266.53
275.81
278.16
286.22
295.22
307.88
322.41
329.62
333.19
344.62
348.28
353.81
356.44
359.06
363.94
375.84
379.50
393.56
399.38
406.03
408.28
419.06
424.59
435.56
441.09
447.75
455.72
458.81
469.12
472.88
478.03
491.06
496.69
502.03
510.09
520.12
534.38
538.69
543.47
549.28
554.62
559.22
570.56
573.94
578.44
584.72
591.00
606.00
612.75
621.28
626.25
632.44
641.53
654.19
659.62
662.81
667.31
674.44
676.50
681.38
687.75
720.09
742.03
748.12
750.47
761.06
767.81
783.38
791.62
797.44
799.78
803.72
815.91
817.88
828.94
837.19
850.03
862.12
866.91
880.41
885.84
891.94
897.19
900.28
905.06
909.47
918.94
929.72
952.50
962.06
965.91
971.44
977.44
987.75
990.94
1000.12
1004.81
1009.22
1014.94
1020.09
1030.97
1038.00
1042.97
1050.19
1055.06
1059.66
1065.19
1070.62
1073.91
1078.22
1080.66
1091.81
1099.78
1108.41
1119.19
1130.44
1136.53
1142.16
1147.97
1153.59
1156.88
1159.69
1167.94
1174.59
1183.41
1189.03
1207.69
1215.47
1221.84
1228.12
1235.81
1240.12
1246.97
1253.62
1259.72
1271.34
1280.91
1286.25
1292.81
1303.12
1308.94
1313.72
1316.62
1322.25
1331.62
1344.56
1347.84
1357.69
1365.47
1370.91
1380.84
1387.97
1393.12
1399.69
1401.66
1412.91
1424.25
1429.97
1438.88
1445.62
1448.06
1452.00
1466.25
1478.91
1485.94
1500.28
1522.59
1529.16
1534.78
1571.81
1578.28
1581.19
1602.84
1606.22
1615.97
1670.81
1728.84
1794.00
1826.81
1831.22
1834.78
1837.03
