Dataset = Dom Clemson(Dom GT Only); Detections given in seconds from start of data
162.22
220.34
228.69
263.28
331.62
359.00
371.47
374.38
391.25
424.44
435.59
522.69
548.38
551.19
558.22
585.03
595.16
605.38
614.28
619.81
640.91
652.62
659.56
661.72
664.06
672.12
687.22
690.97
701.47
711.59
721.44
726.69
729.69
739.62
760.53
764.28
767.84
769.91
794.56
803.00
806.28
816.41
823.53
839.75
851.09
857.38
865.25
876.22
888.59
898.91
907.53
942.41
955.06
965.28
973.91
985.53
999.59
1019.56
1024.34
1046.56
1070.28
1073.56
1075.53
1086.41
1088.47
1092.41
1096.34
1108.53
1128.12
1130.19
1139.19
1144.44
1161.88
1177.34
1192.34
1225.34
1238.38
1258.53
1270.81
1284.59
1287.59
1307.00
1328.94
1349.84
1371.41
1379.00
1428.88
1462.81
1485.41
1492.81
1497.22
1511.09
1543.91
1552.62
1577.47
1589.94
1627.16
1647.69
1674.59
1682.75
1689.97
1694.19
1720.72
1726.16
1746.31
1752.69
1762.16
1770.78
