Dataset = Dom Clemson(Dom GT Only); Detections given in seconds from start of data
168.41
192.78
203.38
215.66
236.19
238.62
256.62
261.69
269.84
279.12
297.31
310.25
320.94
359.75
365.47
382.72
401.66
405.31
420.03
495.12
521.84
545.28
579.50
622.62
646.06
685.44
703.34
717.31
727.34
739.62
764.28
775.91
778.34
788.94
812.47
823.25
826.06
835.53
842.75
861.41
876.03
907.53
909.88
955.25
959.75
967.34
973.72
998.66
1006.16
1056.69
1062.59
1084.62
1095.97
1133.38
1143.41
1186.25
1190.38
1195.25
1202.94
1216.72
1231.53
1236.88
1254.12
1261.53
1264.06
1277.94
1283.00
1296.78
1298.94
1318.44
1325.09
1330.34
1337.00
1346.75
1360.91
1372.44
1380.22
1391.38
1417.91
1427.56
1437.59
1450.16
1460.66
1473.03
1480.72
1486.44
1522.44
1534.62
1536.69
1543.53
1548.41
1554.59
1597.25
