Dataset = Dom Clemson(Dom GT Only); Detections given in seconds from start of data
41.14
46.58
52.95
58.11
67.11
87.55
104.61
106.95
116.33
124.67
134.61
141.64
152.23
156.92
176.52
184.11
214.30
228.73
243.27
254.70
261.36
268.02
283.95
301.20
314.89
323.70
330.64
334.20
343.39
362.23
374.89
380.98
391.95
401.23
408.27
417.92
428.05
436.48
446.23
464.52
474.64
484.48
495.73
507.36
514.11
529.39
543.45
553.11
565.30
579.73
591.55
600.17
614.61
627.17
632.61
643.48
657.27
661.86
672.83
683.05
688.30
697.02
707.98
716.89
724.86
735.45
745.39
774.27
781.86
809.23
812.80
816.36
843.83
851.98
861.83
866.61
879.92
884.05
889.86
902.89
915.73
919.11
921.08
928.02
936.55
948.17
960.08
969.55
982.67
988.30
993.45
999.27
1001.33
1010.42
1019.98
1026.55
1031.70
1033.86
1039.11
1043.80
1051.58
1059.45
1064.05
1066.48
1081.02
1089.17
1106.61
1116.08
1120.58
1131.55
1148.80
1155.17
1158.17
1164.64
1174.02
1180.20
1184.23
1186.77
1190.80
1193.23
1205.80
1214.80
1223.33
1227.73
1235.52
1242.45
1249.95
1253.14
1262.05
1266.73
1271.33
1274.52
1280.80
1284.08
1287.92
1301.05
1303.67
1316.80
