Dataset = Dom Clemson(Dom GT Only); Detections given in seconds from start of data
81.44
89.97
102.06
129.53
167.97
195.16
220.56
223.56
227.41
240.81
243.53
268.66
294.44
299.88
337.28
345.25
365.12
453.81
459.72
489.44
507.16
527.03
529.19
545.97
552.44
567.06
581.22
583.19
586.84
608.69
628.56
630.91
646.47
650.41
683.59
706.56
729.91
743.03
761.69
772.75
775.75
784.28
787.75
794.69
799.66
819.62
823.56
834.25
847.94
867.91
883.47
887.88
903.44
907.28
933.91
939.62
965.22
968.69
982.09
995.41
999.91
1037.03
1043.41
1057.09
1065.44
1068.91
1077.25
1099.19
1109.22
1140.53
1145.41
1153.75
1156.47
1164.91
1173.44
1179.62
1195.19
1201.19
1210.75
1213.28
1236.34
1241.12
1254.72
1270.47
1301.03
1310.50
1313.41
1322.41
1324.84
1343.03
1353.44
1356.34
1362.44
1379.12
1382.41
1392.91
1401.06
1431.72
1465.38
1501.47
1527.81
1547.88
1549.94
1583.69
1599.62
1627.00
1644.25
1667.41
1688.50
1696.66
1723.75
1749.53
1752.62
1764.53
1770.34
1797.34
1800.62
1818.06
1824.72
1847.41
1863.62
1869.72
1896.44
1898.50
1926.91
1933.00
1936.66
1956.34
2003.69
2010.62
2045.12
2075.69
2096.78
2117.69
2134.28
2152.38
2167.84
2180.97
2192.22
2198.97
2212.84
2214.81
