Dataset = Dom Clemson(Dom GT Only); Detections given in seconds from start of data
34.31
51.00
53.06
60.75
63.47
72.28
86.44
88.59
137.53
140.72
145.59
147.56
173.72
182.53
205.69
225.19
240.28
252.94
255.09
265.41
267.84
274.78
276.84
290.62
298.88
314.72
344.16
347.81
378.66
380.72
400.97
414.28
416.44
426.28
428.44
475.22
477.75
487.78
505.22
513.09
532.41
546.28
569.91
580.41
582.38
589.69
610.03
612.09
626.91
679.50
684.19
695.91
726.84
764.81
789.09
821.34
846.66
848.62
897.75
933.28
1141.59
1211.06
1215.28
1220.34
1237.88
1240.03
1262.44
1296.38
1326.38
1352.72
1382.91
1396.59
1439.25
1449.84
1466.06
1498.59
1566.84
1569.09
1571.34
1590.09
1599.94
1618.03
1620.09
1632.56
1656.38
1681.22
1724.53
1758.75
1782.28
1808.34
