Dataset = Dom Clemson(Dom GT Only); Detections given in seconds from start of data
172.45
183.70
188.48
200.77
209.02
213.05
217.64
221.30
227.95
272.39
277.08
280.73
303.14
310.45
314.86
321.98
332.48
338.67
347.11
356.77
363.33
377.39
394.27
399.80
404.20
414.42
423.14
465.98
470.86
476.02
484.55
491.95
494.95
501.89
509.11
511.92
524.11
534.70
541.92
545.20
554.11
556.27
567.33
591.80
610.27
612.42
620.67
630.42
632.39
646.36
681.14
704.86
738.52
751.55
773.77
781.27
793.73
803.20
815.02
822.98
832.64
845.86
850.55
855.05
879.14
897.61
924.70
935.11
945.33
947.58
961.73
966.14
969.33
974.20
981.05
991.36
1000.17
1019.86
1029.52
1039.73
1044.89
1048.36
1054.08
1057.83
1067.39
1082.20
1086.14
1092.42
1099.27
1107.52
1116.98
1130.77
1137.61
1139.67
1147.27
1170.89
1176.61
1188.61
1202.02
1219.64
1232.02
1239.80
1256.86
1269.89
1278.42
