Dataset = Dom Clemson(Dom GT Only); Detections given in seconds from start of data
54.48
58.05
62.64
77.17
91.61
112.23
114.20
127.98
151.23
174.67
194.08
200.83
249.11
272.92
293.64
334.14
338.92
358.52
377.73
390.11
394.33
414.67
424.89
431.55
449.36
451.33
456.95
459.77
465.39
480.86
484.89
487.33
489.67
507.11
530.83
536.08
549.39
551.36
565.61
584.08
589.33
594.67
613.52
634.14
650.92
657.95
680.17
690.39
704.73
708.58
727.33
736.80
749.73
772.23
775.05
785.92
800.45
811.33
819.67
825.02
871.05
877.33
884.36
889.33
908.64
924.11
930.11
943.05
958.61
968.27
972.30
974.73
978.11
986.27
991.98
995.64
1020.39
1025.64
1035.77
1048.52
1054.70
1057.14
1075.80
1081.89
1109.92
1120.05
1125.02
1129.23
1137.95
1156.61
1162.70
1183.05
1187.55
1195.05
1197.20
1204.23
1218.48
1222.14
1244.08
1247.36
1258.33
1269.77
