Dataset = Dom Clemson(Dom GT Only); Detections given in seconds from start of data
241.94
251.97
255.72
257.78
263.41
274.94
306.72
318.53
320.50
322.56
333.16
348.81
355.66
364.19
375.53
379.19
383.12
400.84
403.19
415.75
419.22
430.09
435.25
437.22
445.19
450.16
452.12
460.09
471.53
489.72
498.25
510.81
519.62
521.78
535.47
537.44
551.41
561.91
563.88
570.53
580.66
593.12
604.00
625.09
629.22
647.41
655.00
657.06
678.53
684.72
700.28
702.25
724.28
737.03
739.19
746.78
757.47
764.59
766.66
773.12
785.12
796.28
824.78
837.72
861.25
863.31
891.25
893.88
909.44
911.41
925.00
940.19
952.19
963.91
974.78
1004.59
1021.56
1051.56
1055.97
1071.34
1139.41
1141.84
1164.91
1166.97
1182.34
1187.88
1190.03
1220.78
1235.31
1248.53
1280.78
1298.22
1316.12
1331.88
1347.34
1352.22
1354.19
1383.06
1395.72
1405.66
1413.72
1454.12
1498.19
1507.38
1517.03
1519.00
1524.62
1527.16
1750.75
1752.81
