Dataset = Dom Clemson(Dom GT Only); Detections given in seconds from start of data
207.80
224.02
245.02
442.45
468.33
489.61
518.95
520.92
538.45
571.73
587.20
595.17
598.08
613.73
639.23
660.23
671.95
696.05
719.86
739.27
756.80
781.92
801.42
803.48
830.67
834.61
854.77
891.14
948.61
968.11
983.48
1013.48
1035.89
1049.39
1069.83
1087.73
1115.77
1122.61
1131.98
1180.55
1192.27
1200.05
1202.20
1206.61
1218.52
1225.08
1229.11
1251.70
1253.67
1260.61
1265.95
1272.23
1274.20
1294.36
1320.33
1326.80
1351.55
1372.45
1398.89
1408.36
1415.02
1417.64
1436.11
1477.92
1493.48
1495.45
1519.83
1522.17
1551.42
1556.48
1583.20
1604.48
1620.80
1624.17
1628.67
1670.11
1676.58
1692.23
1699.83
1702.17
1724.95
1735.92
1752.23
1767.33
1773.52
1787.11
1800.33
1803.14
1805.11
1824.14
