Dataset = Dom Clemson(Dom GT Only); Detections given in seconds from start of data
312.45
326.23
331.58
339.92
355.02
363.36
376.67
379.20
391.77
404.42
413.98
421.20
437.98
442.11
456.36
463.02
471.17
477.73
496.20
503.33
519.73
541.77
561.64
566.23
585.55
588.45
607.30
613.20
618.73
623.89
644.70
652.20
676.11
679.39
685.67
690.83
700.39
714.83
720.92
734.61
740.05
759.27
762.64
792.08
795.73
812.89
829.67
843.45
854.33
857.42
861.27
876.17
885.36
902.89
913.67
930.08
952.30
960.83
966.45
974.52
987.27
1003.77
1022.33
1035.55
1070.89
1088.33
1102.20
1112.42
1119.27
1139.80
1181.05
1209.45
1243.48
1268.89
1294.30
1330.95
1346.80
1359.08
1410.36
1621.02
1632.64
1667.89
1688.61
1718.14
1734.92
1738.30
1795.30
1852.20
1920.08
1935.73
1958.33
1970.14
1973.98
1993.02
2018.42
2020.48
2034.83
2056.58
2110.86
2130.36
2178.83
2221.02
2234.61
2238.73
2258.42
2263.30
2276.14
2284.58
2306.98
2336.42
2378.23
2428.39
2444.80
