Dataset = Dom Clemson(Dom GT Only); Detections given in seconds from start of data
55.25
60.69
68.19
77.19
84.50
89.19
95.38
103.72
108.31
110.66
117.97
124.34
135.22
139.53
164.84
170.66
179.94
188.84
207.50
214.25
219.97
224.47
226.53
233.84
238.62
251.19
257.75
266.94
277.25
294.03
297.03
300.22
304.16
308.00
315.88
320.00
323.47
326.84
330.69
335.84
338.66
344.94
347.75
350.56
354.97
358.25
361.72
364.72
368.38
373.62
377.00
379.16
384.41
386.47
395.28
398.66
403.34
408.03
412.06
414.97
421.16
425.00
430.72
436.53
440.38
465.97
483.12
487.25
502.25
510.41
550.53
569.09
593.38
616.25
628.16
635.66
639.12
658.62
671.94
681.59
697.16
709.81
712.81
722.75
724.72
735.97
747.78
755.00
770.84
774.31
776.47
796.72
804.12
809.47
815.47
823.16
830.66
837.78
842.00
844.81
850.16
