Dataset = Dom Clemson(Dom GT Only); Detections given in seconds from start of data
205.58
209.33
217.86
222.27
224.42
252.45
257.89
261.17
270.64
276.17
325.48
332.14
334.11
337.39
358.86
362.70
364.67
392.05
405.45
418.11
431.61
439.39
444.55
464.52
473.33
483.17
496.11
500.61
503.14
506.52
513.55
528.55
532.86
536.14
540.55
548.33
551.05
553.48
575.23
580.39
591.45
598.30
603.92
620.42
628.11
630.08
649.30
664.95
668.89
684.92
702.17
706.30
708.55
718.58
721.48
727.77
770.05
773.23
784.30
786.27
789.08
794.05
799.20
839.33
843.64
846.73
862.20
871.39
876.92
886.67
889.86
894.64
896.98
915.27
933.73
935.70
938.80
953.33
964.67
968.89
979.95
982.95
987.73
995.80
1003.48
1007.89
1012.11
1035.64
1039.77
1043.14
1046.80
1050.92
1079.61
1082.05
1088.52
1101.83
1118.05
1129.58
1139.33
1151.33
1155.83
1166.98
1175.14
1179.17
1188.36
1202.42
1213.20
1224.92
1228.20
1230.64
1234.11
1237.67
1244.33
1252.95
1271.61
1307.05
1309.48
1314.08
1322.14
1328.89
1331.98
1352.42
1357.58
1360.48
1362.64
1372.67
1385.05
1396.58
1433.14
1438.77
1462.58
1490.61
1494.73
1510.77
1533.92
1549.95
1553.52
1575.55
1589.23
1592.05
1594.58
1599.27
1602.92
1619.05
1628.05
1701.45
1706.98
1721.05
1723.95
1726.77
1731.55
