Dataset = Dom Clemson(Dom GT Only); Detections given in seconds from start of data
134.91
143.81
146.62
151.78
185.91
193.50
199.50
206.16
210.56
219.38
230.25
236.25
253.78
258.84
262.97
266.81
274.41
292.31
294.47
302.91
305.91
310.31
318.56
325.12
334.03
346.03
351.94
357.47
370.12
373.78
377.72
383.72
397.59
400.22
405.28
409.78
412.78
421.50
425.81
437.53
446.62
454.12
458.44
466.59
484.31
504.28
509.72
546.47
553.41
558.47
562.88
566.53
574.31
579.75
589.59
595.97
600.47
620.91
629.34
634.41
644.34
649.59
656.62
659.25
663.75
672.66
681.84
689.44
696.66
710.06
712.50
718.69
721.59
736.12
738.28
742.59
749.91
759.56
761.72
800.91
806.44
813.28
818.91
832.50
843.09
851.62
858.84
873.09
882.84
909.47
913.59
916.88
919.22
923.81
931.41
945.28
963.47
967.78
971.81
978.94
1000.59
1018.97
1028.91
1066.78
