Dataset = Dom Clemson(Dom GT Only); Detections given in seconds from start of data
50.64
62.92
66.39
74.17
76.33
81.86
92.55
101.17
109.61
111.58
120.95
127.61
129.95
132.20
142.23
145.61
148.42
150.86
154.98
160.70
169.14
171.20
176.08
182.27
194.64
200.45
204.30
207.58
211.33
214.98
216.95
222.02
225.48
228.11
239.73
274.52
277.98
281.83
287.64
290.27
292.42
295.80
298.98
311.64
321.77
329.92
338.45
345.58
353.08
356.36
363.67
373.42
383.73
389.36
402.67
413.92
417.02
422.55
428.08
431.17
441.11
445.80
452.17
459.58
465.30
470.83
474.02
477.02
484.23
486.39
488.73
491.55
495.11
500.08
502.61
508.80
523.61
527.92
533.64
549.48
554.73
560.36
570.11
573.67
578.55
582.48
584.64
588.48
596.73
604.52
612.67
624.58
631.05
633.11
644.83
646.89
651.86
660.48
669.30
677.08
679.14
685.42
694.61
703.52
710.45
717.39
736.52
743.45
748.05
758.45
775.98
780.58
793.05
810.39
821.92
834.58
839.08
849.30
862.14
876.20
887.27
910.89
917.27
925.61
959.36
