Dataset = Dom Clemson(Dom GT Only); Detections given in seconds from start of data
32.52
36.92
38.98
44.33
50.42
60.45
67.48
72.92
80.98
93.36
104.33
114.64
121.95
135.73
141.55
160.20
169.02
175.02
185.42
190.20
192.45
194.52
198.55
203.23
206.14
218.23
241.39
250.39
260.70
271.58
280.20
284.14
297.83
299.80
305.98
313.39
321.45
329.61
335.70
352.20
365.52
373.30
385.58
391.95
400.11
405.92
416.98
422.70
433.11
439.86
445.67
458.42
465.45
478.77
492.45
498.08
529.77
534.27
536.42
540.73
563.14
571.77
574.11
576.73
592.95
595.02
608.61
618.08
625.67
634.02
645.27
658.95
671.42
685.02
701.70
712.67
728.23
740.23
753.73
767.61
770.61
781.02
788.05
790.02
798.73
806.89
809.98
829.30
838.11
842.42
846.73
866.42
873.36
877.77
888.36
892.77
901.20
