Dataset = Dom Clemson(Dom GT Only); Detections given in seconds from start of data
68.17
76.80
83.55
117.67
128.17
145.52
157.05
159.39
163.14
178.80
184.98
193.05
200.64
202.61
212.83
221.83
223.98
243.86
245.83
254.83
257.08
262.80
267.67
271.80
281.73
283.98
291.95
315.02
328.61
335.55
346.14
349.61
351.67
372.02
375.30
383.27
388.52
403.80
413.17
475.14
483.58
535.70
562.23
581.55
590.45
602.64
631.89
651.95
687.77
698.45
780.39
789.95
817.52
828.20
927.86
942.30
946.61
950.27
1004.92
1056.20
1060.14
1075.05
1081.23
1102.05
1123.23
1129.23
1133.55
1139.45
1142.55
1146.58
1160.45
1166.08
1168.05
1172.27
1179.95
1189.14
1202.73
1250.73
1263.11
1267.23
1269.20
1288.80
1293.20
1305.02
1309.61
1316.27
1327.98
1342.61
1344.67
1346.64
1374.67
1378.52
1383.86
1385.92
1400.36
1403.64
1407.95
1416.11
1420.42
1422.39
1426.98
1443.11
1453.89
1458.67
1461.02
1467.48
1469.45
1475.08
1479.30
1488.77
1497.86
1511.55
1513.61
1549.80
