Dataset = Dom Clemson(Dom GT Only); Detections given in seconds from start of data
297.00
301.69
303.75
305.81
312.75
449.91
460.50
468.75
471.09
478.59
493.12
503.06
506.62
508.69
513.09
520.03
562.12
573.00
613.88
620.62
645.00
673.41
716.44
721.41
725.62
736.03
744.28
748.03
757.78
763.22
766.97
773.16
786.66
793.12
798.94
806.25
808.78
826.50
831.19
840.19
852.56
855.84
859.78
863.53
893.44
897.75
908.25
917.44
919.69
925.03
939.28
945.56
955.88
963.09
971.34
980.72
986.34
993.84
998.91
1004.81
1012.50
1019.06
1029.75
1037.34
1045.97
1048.97
1054.31
1056.84
1059.19
1084.41
1093.78
1096.12
1118.34
1122.75
1132.31
1136.81
1144.69
1147.97
1192.59
1234.88
1243.88
1266.56
1297.97
1331.81
1352.16
1358.53
1401.84
1414.22
1428.28
1459.31
1473.56
1481.53
1484.34
1496.16
1504.31
1515.75
1529.25
1536.47
1542.09
1547.81
1553.91
1567.41
1576.97
1587.19
1594.22
1602.00
1607.16
1617.84
1622.53
