Dataset = Clemson; Detections given in seconds from start of data
17.20
117.20
119.87
130.80
138.00
145.20
172.53
180.27
193.87
198.53
206.00
215.20
221.07
224.13
231.07
234.67
241.60
262.93
268.93
275.07
291.87
299.47
306.93
312.53
317.87
327.07
339.47
348.40
369.33
380.67
383.73
388.13
406.67
417.60
454.27
469.20
482.00
503.60
538.00
560.00
571.33
588.53
598.27
621.87
632.40
635.47
654.80
668.13
700.80
718.67
724.93
743.60
764.00
770.40
806.67
820.13
827.33
834.67
843.60
850.67
867.60
872.27
885.60
903.20
910.53
