Dataset = Clemson; Detections given in seconds from start of data
104.13
122.53
156.13
165.20
183.73
224.67
238.27
249.33
259.87
277.87
296.53
307.33
317.73
331.33
353.60
374.00
442.00
457.60
484.40
494.13
525.47
541.60
554.53
595.87
667.07
683.73
712.53
729.73
745.47
757.47
771.60
784.93
799.73
819.20
821.20
829.60
836.93
841.07
859.60
889.60
906.53
923.33
937.47
983.33
992.93
1013.20
1037.07
1065.60
1083.47
1114.53
1116.93
1136.00
1150.40
1178.67
1210.93
1246.40
1268.27
1278.93
1294.27
1301.33
1322.53
1342.80
1354.80
1381.60
1384.67
1392.13
1401.07
1409.20
1419.20
1428.27
1438.13
1442.53
1472.67
