Dataset = Clemson; Detections given in seconds from start of data
157.33
195.87
205.87
220.00
224.13
259.47
262.93
277.07
328.67
336.27
340.40
365.60
396.13
418.93
466.67
475.47
481.33
487.60
498.80
502.40
511.07
516.40
536.93
542.40
549.33
570.67
576.53
593.33
601.33
606.00
610.80
622.40
631.07
662.00
665.87
673.33
703.20
707.60
719.33
723.33
728.27
775.87
786.67
795.07
801.20
841.20
848.00
873.47
878.13
887.47
891.87
895.20
898.93
937.20
940.27
966.67
969.73
981.73
996.67
1005.33
1009.20
1036.40
1048.13
1052.27
1081.47
1108.40
1123.20
1130.40
1134.93
1153.33
1162.00
1168.93
1179.87
1189.60
1203.47
1226.93
1230.27
1236.00
1255.73
1266.53
1309.20
1310.93
1325.07
1329.33
1333.73
1360.93
1369.20
1373.20
1386.93
1435.20
1440.00
1464.80
1492.40
1514.13
1526.13
1551.87
1590.53
1592.93
1595.60
1600.13
1615.73
1621.07
1633.07
1647.87
1702.80
1722.67
1727.73
1732.00
1864.53
