Dataset = Clemson; Detections given in seconds from start of data
24.40
52.27
64.40
68.13
77.07
93.73
98.13
112.13
119.33
124.40
129.87
134.67
143.73
146.67
149.87
158.93
162.40
172.13
178.13
184.80
196.13
201.73
205.60
208.67
212.80
218.67
224.13
226.80
237.60
269.07
291.20
300.53
314.40
323.60
335.87
340.13
355.47
360.93
367.07
375.73
384.93
395.60
412.00
417.87
424.27
447.60
453.47
460.40
466.53
475.33
490.00
495.60
504.00
510.27
521.33
536.27
551.87
555.60
575.60
580.40
586.27
593.73
600.00
627.07
638.80
647.33
653.33
658.13
667.47
680.13
686.80
696.27
725.07
734.80
738.53
747.60
760.40
782.40
811.73
836.13
840.40
878.40
902.80
909.87
912.93
918.00
926.40
975.07
1027.47
1029.87
