Dataset = Clemson; Detections given in seconds from start of data
22.00
38.53
66.00
164.27
174.53
191.47
206.27
244.00
261.60
263.87
272.40
282.53
293.47
304.53
340.27
351.20
352.93
366.40
385.73
401.07
413.87
430.67
462.13
472.93
485.47
490.00
503.73
510.53
519.07
524.13
527.47
536.53
545.73
559.73
568.27
569.07
576.53
588.40
598.00
608.53
616.00
626.40
633.07
642.93
649.07
661.73
673.73
677.87
682.40
690.80
704.80
708.93
716.53
726.27
740.13
748.80
756.53
767.60
773.60
785.73
792.40
800.13
806.53
812.80
820.53
825.47
837.33
883.87
898.40
900.80
928.93
948.00
1002.67
1062.80
1085.47
1146.67
