Dataset = Clemson; Detections given in seconds from start of data
27.20
36.40
123.20
164.00
179.20
189.73
215.07
220.53
241.07
268.27
275.33
300.40
316.00
328.00
344.40
355.60
393.07
408.53
434.67
451.60
465.47
477.20
499.60
535.20
542.67
549.60
552.93
562.27
565.47
575.07
581.60
638.13
670.67
722.00
740.93
745.60
772.93
791.07
828.00
840.93
862.27
868.27
875.73
895.33
911.07
915.33
923.07
930.00
936.40
951.60
962.00
973.20
979.07
1008.13
1041.73
1057.47
1095.20
1101.60
1151.60
1166.13
1183.20
1190.00
1199.60
1233.73
1320.00
