Dataset = Clemson; Detections given in seconds from start of data
41.87
48.80
59.07
170.40
195.20
205.60
218.27
239.20
257.60
264.13
272.27
299.60
312.40
323.07
361.87
368.27
386.40
407.87
422.00
497.73
523.33
547.47
581.20
623.87
648.67
688.00
702.93
705.60
741.60
766.80
779.47
789.60
795.87
815.87
839.07
845.20
879.33
909.73
956.27
960.53
968.27
975.73
1000.67
1008.27
1018.40
1060.93
1064.80
1085.47
1098.53
1135.47
1191.60
1197.60
1205.47
1220.13
1235.47
1239.87
1256.27
1264.80
1280.93
1285.33
1301.07
1319.60
1327.33
1333.87
1339.47
1350.00
1355.73
1362.13
1374.80
1382.00
1393.73
1420.67
1428.80
1439.87
1444.80
1454.00
1462.93
1474.27
1482.80
1492.67
1520.13
1526.93
1538.13
1546.27
1550.53
1558.93
1578.13
1600.53
