Dataset = Clemson; Detections given in seconds from start of data
71.20
91.33
95.07
98.67
104.93
130.27
141.87
152.13
168.67
181.47
188.67
201.87
219.47
232.13
235.47
252.80
261.33
267.73
280.53
296.80
320.13
337.33
349.73
374.67
390.67
433.87
451.73
463.87
511.47
523.73
530.27
544.13
576.00
588.80
600.67
628.13
646.67
670.00
678.67
694.53
707.20
715.07
719.87
731.87
737.47
754.67
769.33
791.60
800.40
804.80
823.20
831.73
840.93
850.27
859.87
865.73
879.47
903.20
914.27
923.20
931.47
950.40
974.00
982.53
994.27
1012.40
1031.20
1040.53
1044.53
1060.93
1065.33
1083.73
1087.60
1093.87
1100.53
1108.93
1116.27
1133.20
1141.87
1153.20
1163.60
1239.33
