Dataset = Clemson; Detections given in seconds from start of data
0.13
96.93
102.80
109.20
117.60
124.53
132.67
139.73
144.80
156.80
164.13
174.67
182.40
188.40
196.53
209.87
216.00
223.60
229.33
235.73
240.93
250.13
254.67
270.80
283.33
298.93
306.40
318.27
328.00
338.67
347.60
361.87
372.80
386.80
399.87
450.40
528.27
546.40
557.87
581.33
596.27
603.47
610.80
632.13
641.87
666.67
675.07
687.60
699.07
708.80
719.87
730.40
738.80
746.67
759.33
769.20
776.00
789.20
806.80
818.80
848.67
877.47
889.07
915.47
929.07
940.13
956.13
964.80
979.60
986.27
