Dataset = Clemson; Detections given in seconds from start of data
260.67
264.93
277.73
290.40
316.00
342.53
363.73
381.87
394.00
404.27
413.47
428.53
435.33
454.13
468.13
480.00
496.67
516.53
534.00
549.73
556.93
582.40
604.67
642.53
671.47
683.87
702.53
712.00
717.07
728.00
744.00
789.33
800.80
811.20
831.33
849.60
867.60
879.73
890.67
900.93
910.13
922.80
940.27
945.73
953.33
959.33
970.00
998.13
1002.93
1019.73
1032.13
1061.60
1087.87
1098.00
1105.73
1112.13
1118.93
1125.87
1130.80
1136.80
1146.27
1153.87
1159.87
1171.33
1176.13
1182.53
1186.67
1193.73
1199.07
1209.60
1219.07
1239.73
1247.60
1266.00
1280.53
1298.80
1303.33
1315.87
