Dataset = Clemson; Detections given in seconds from start of data
42.80
48.40
54.53
59.73
72.67
108.93
114.53
118.40
142.40
154.00
177.33
185.60
214.80
226.93
234.13
240.80
245.07
256.27
263.33
269.07
285.73
299.73
309.73
316.27
326.27
331.60
336.67
345.07
366.53
376.67
383.60
393.33
402.67
411.07
419.33
429.20
438.93
447.73
466.27
476.27
485.87
497.20
516.27
520.80
530.67
545.33
554.80
567.20
580.93
592.27
602.53
615.73
628.53
634.27
645.07
658.80
663.07
674.67
684.93
692.00
702.53
709.87
718.40
727.07
736.67
746.93
782.93
844.93
881.47
885.87
888.93
891.47
904.13
917.47
921.47
930.13
940.93
949.60
972.13
983.60
989.20
1001.20
1011.87
1021.60
1028.27
1033.60
1041.07
1054.40
1068.80
1083.73
1102.27
1116.93
1117.87
1121.33
1133.07
1142.53
1160.67
1166.27
1175.60
1182.53
1188.00
1195.20
1200.00
1216.40
1220.93
1224.67
1229.47
1239.73
1244.93
1257.07
1263.73
1271.60
1275.47
1282.13
1305.47
1318.80
1336.67
