Dataset = Clemson; Detections given in seconds from start of data
13.47
57.33
224.27
229.33
258.40
268.67
281.73
287.87
309.60
332.13
336.00
352.53
360.00
366.00
381.47
401.60
409.60
420.93
426.53
438.27
449.73
456.67
458.53
474.27
480.00
492.40
498.13
504.13
512.67
522.13
540.40
545.47
549.73
561.20
574.93
580.53
586.80
593.60
610.67
629.07
643.60
655.87
661.33
668.67
677.20
683.33
689.73
744.13
752.53
769.87
784.40
794.67
801.73
819.73
852.00
862.27
868.93
894.00
900.67
906.00
911.47
921.07
931.47
989.07
1002.13
1010.40
1018.67
1022.00
1039.87
1044.27
1051.73
1057.07
1068.67
1076.00
1081.33
1094.67
1101.73
1109.73
1121.20
1132.40
1138.80
1144.40
1149.73
1155.33
1161.73
1170.00
1177.33
1185.07
1190.67
1223.87
1230.67
1237.47
1242.00
1249.73
1262.40
1274.53
1282.93
1288.27
1294.80
1305.07
1310.93
1317.07
1324.27
1333.60
1345.87
1350.40
1359.60
1367.20
1374.00
1390.00
1395.73
1431.47
1440.93
1447.73
1453.87
1469.07
1480.93
1487.87
1493.07
1502.53
1525.07
1538.40
1583.47
1604.67
1609.33
1618.13
1673.20
1682.67
1691.07
1732.93
1833.20
1846.53
