Dataset = Clemson; Detections given in seconds from start of data
2.53
184.53
202.93
242.13
249.07
257.47
261.87
280.53
293.33
302.67
307.07
315.47
327.20
332.13
333.07
339.20
347.47
369.07
382.13
388.53
430.93
453.07
490.00
535.73
548.80
561.20
596.93
601.60
662.13
687.87
694.67
707.20
718.40
727.73
743.60
759.33
765.20
772.80
816.00
834.13
885.07
891.60
918.80
924.40
972.40
1010.27
1040.80
1080.27
1102.40
1161.60
1190.27
1207.87
1210.13
1227.07
1264.80
1308.93
1328.40
1352.27
1362.00
1367.33
1388.13
1422.67
1482.40
1498.53
1507.07
1630.27
