Dataset = Clemson; Detections given in seconds from start of data
161.73
170.27
179.73
192.80
216.67
232.00
241.60
244.13
255.73
273.33
288.00
295.07
302.67
345.47
381.07
398.93
410.93
424.27
436.93
467.33
480.93
495.73
508.80
535.33
543.33
556.53
569.07
583.73
588.40
607.87
618.67
650.13
652.40
669.33
691.73
699.33
714.93
728.80
788.67
795.60
818.53
830.27
838.27
953.60
962.80
973.20
980.53
997.33
1006.67
1049.20
1069.33
1083.20
1107.73
1116.80
1185.60
1202.53
1239.87
1288.13
1299.20
1340.80
1347.20
1372.93
