Dataset = Clemson; Detections given in seconds from start of data
10.40
24.27
32.13
62.27
107.87
123.33
131.60
138.40
166.93
172.13
182.40
198.93
203.87
238.13
240.93
267.87
272.13
294.93
299.87
306.53
318.93
342.40
400.93
427.33
434.80
442.80
450.13
485.73
498.67
514.67
533.60
549.73
566.80
582.00
609.07
617.33
622.27
625.87
652.27
671.33
676.80
681.33
685.47
735.20
745.33
750.67
768.67
774.13
778.53
782.13
787.47
795.47
805.47
844.53
884.00
888.13
892.40
952.27
960.40
969.73
1038.40
1047.33
1096.67
1104.93
1131.20
1141.73
