Dataset = Clemson; Detections given in seconds from start of data
94.67
226.27
234.40
258.93
270.53
276.93
283.60
284.80
302.53
334.27
344.13
357.60
364.13
369.20
380.13
390.67
403.60
408.40
414.53
424.40
435.07
463.60
478.80
488.27
499.20
538.27
547.47
558.67
567.20
574.93
581.60
596.27
606.27
612.13
619.60
634.13
640.00
643.47
654.67
661.60
675.47
686.27
695.20
703.33
713.07
738.13
744.27
753.47
763.33
767.73
779.07
789.60
811.73
819.33
840.93
887.60
899.47
908.13
920.27
930.13
938.80
952.67
959.20
964.80
968.80
980.27
992.80
998.27
