Dataset = Clemson; Detections given in seconds from start of data
5.87
34.53
40.00
47.33
52.67
61.33
65.33
70.13
74.13
82.40
94.67
106.13
116.40
123.87
130.13
137.20
143.47
161.60
170.27
177.87
187.20
194.00
201.20
207.07
220.27
238.00
243.33
253.73
264.00
275.33
286.00
300.67
307.87
314.93
323.20
337.73
356.80
367.33
375.87
387.07
394.67
401.47
408.80
411.73
418.40
425.07
447.73
453.33
460.13
467.73
480.80
493.60
500.00
513.60
523.47
530.93
537.47
543.60
548.00
573.87
578.53
597.33
601.73
610.40
620.80
631.07
635.60
649.20
661.73
672.67
702.00
714.67
725.87
730.00
741.73
756.67
773.60
782.93
789.47
814.27
818.67
832.93
838.80
845.20
848.53
868.93
874.80
879.47
890.27
894.93
903.33
910.00
