Dataset = Clemson; Detections given in seconds from start of data
69.07
79.87
86.67
120.40
130.93
147.20
160.40
165.47
182.00
187.87
196.00
203.73
215.33
225.07
246.93
258.13
265.20
270.27
274.00
284.67
293.73
306.67
322.93
326.27
333.33
338.53
343.60
347.87
357.33
368.13
377.87
386.00
390.93
405.73
456.93
469.73
518.80
536.13
551.33
564.80
578.80
584.00
593.60
640.27
753.47
819.73
824.27
830.53
883.73
892.00
943.87
951.47
971.87
977.33
995.20
1041.60
1054.00
1058.13
1061.33
1063.60
1065.87
1076.13
1083.73
1093.20
1119.73
1124.53
1135.33
1142.00
1148.93
1162.93
1170.00
1174.27
1182.13
1190.40
1218.80
1253.07
1268.13
1292.13
1295.87
1307.47
1310.80
1318.27
1331.33
1345.47
1375.60
1381.07
1386.67
1406.00
1410.53
1418.40
1423.20
1430.00
1447.07
1457.07
1463.20
1470.53
1477.73
1481.73
1491.07
1500.00
1514.40
1535.73
1551.73
1571.60
1604.27
1664.00
1672.40
1748.93
