Dataset = Clemson; Detections given in seconds from start of data
19.47
45.33
49.73
59.60
88.27
106.40
112.93
117.33
124.40
134.27
138.13
152.53
162.67
168.13
178.67
194.27
200.40
204.40
228.40
231.33
243.20
248.40
272.13
283.60
302.80
310.27
320.00
326.27
332.93
339.87
353.60
357.73
368.80
379.73
384.27
393.60
400.40
405.47
412.53
429.33
440.27
444.93
451.87
457.07
462.80
476.93
484.40
493.33
510.93
554.40
562.53
575.73
585.60
594.80
630.53
649.73
665.20
674.27
680.67
684.13
692.67
696.40
700.00
715.73
