Dataset = Clemson; Detections given in seconds from start of data
80.53
85.60
88.93
105.07
126.13
153.47
188.27
195.07
197.87
223.60
236.27
258.00
268.67
286.80
306.67
310.53
312.40
352.27
360.27
370.53
382.00
385.20
393.60
452.00
458.40
466.67
472.27
490.53
495.73
504.40
510.93
536.27
545.73
564.40
571.73
596.00
626.80
634.93
677.73
683.87
686.93
690.00
711.73
719.87
730.67
754.80
772.93
794.13
814.80
844.53
868.67
881.20
890.93
899.20
903.60
906.13
910.67
944.27
1008.27
1015.73
1027.07
1034.27
1042.67
1052.40
1130.67
1165.20
1175.07
1178.13
1190.00
1223.07
1230.00
1233.60
1256.27
1278.00
