Dataset = Clemson; Detections given in seconds from start of data
1.20
52.27
135.87
141.60
146.53
148.53
194.40
247.33
269.60
276.80
280.93
283.33
300.27
318.27
321.20
332.13
335.87
343.20
346.93
353.07
365.87
369.73
400.13
452.93
463.60
472.00
474.80
487.87
518.67
532.27
628.00
641.73
670.67
684.27
691.73
706.00
715.20
735.33
759.33
771.07
803.87
814.00
824.67
847.47
858.13
893.07
901.60
905.87
915.47
923.20
930.80
958.00
982.80
987.87
999.60
1021.20
1028.27
1038.53
1045.07
1063.87
1074.13
1078.67
1086.00
1095.60
1101.20
