Dataset = Clemson; Detections given in seconds from start of data
55.60
65.20
100.80
133.87
137.73
143.87
147.73
159.07
164.93
173.20
176.93
210.00
217.73
238.80
252.53
265.20
278.67
286.53
299.47
309.20
388.27
408.13
426.00
435.73
443.60
465.87
469.60
494.00
527.33
535.87
546.40
559.87
575.73
625.87
633.60
642.93
653.60
662.40
676.40
686.80
693.20
697.47
713.33
725.73
729.47
754.67
760.00
764.93
783.07
791.73
804.00
829.87
850.00
860.40
868.27
873.33
884.93
900.00
904.67
915.33
923.60
928.67
935.20
941.07
960.13
983.20
994.93
1012.13
1047.73
