Dataset = Clemson; Detections given in seconds from start of data
57.33
327.60
333.60
342.00
349.07
356.40
365.33
378.53
393.47
408.27
415.47
424.00
443.73
457.47
464.67
497.73
505.07
521.73
530.93
562.67
586.40
609.33
615.07
620.27
625.60
654.13
677.07
681.47
687.07
701.87
716.67
722.40
735.87
741.73
782.40
793.87
796.67
814.53
831.73
844.93
858.80
862.80
877.07
886.93
904.13
915.33
931.87
954.00
968.13
988.53
1005.60
1023.47
1037.47
1072.67
1088.93
1114.40
1133.07
1181.87
1211.60
1270.53
1296.27
1348.00
1414.93
1465.07
1472.80
1486.27
1568.93
1581.47
1634.80
1748.93
1853.87
1921.73
1947.73
1959.87
1976.27
2019.33
2021.87
2033.87
2117.20
2180.93
2222.40
2236.40
2240.53
2259.73
2265.07
2271.73
2277.60
2285.87
2308.67
2324.40
2380.13
2429.87
2470.93
2477.60
