Dataset = Clemson; Detections given in seconds from start of data
43.33
47.73
65.87
78.67
84.67
97.07
110.80
121.87
143.87
153.60
170.00
183.47
191.47
215.33
225.07
278.93
288.13
292.93
309.87
332.40
342.93
388.40
396.13
403.07
410.80
414.53
419.07
422.27
426.13
430.40
435.87
472.13
477.07
481.73
489.87
498.13
502.80
510.13
519.07
526.67
536.40
540.93
544.80
572.80
578.53
590.67
598.67
606.53
613.20
663.47
717.87
720.00
760.67
860.00
870.80
895.47
906.00
915.20
921.87
929.87
943.33
978.40
1015.33
1041.60
1057.47
1064.53
1070.93
1087.73
1090.13
1099.73
1112.13
1132.80
1155.33
1161.87
