Dataset = Clemson; Detections given in seconds from start of data
62.13
107.07
180.80
193.20
214.80
225.07
235.73
253.20
266.27
280.00
318.00
364.00
375.07
395.73
410.93
427.20
440.67
452.67
465.20
478.13
493.07
525.73
556.93
566.40
580.93
601.07
613.33
622.67
633.33
641.47
692.27
702.40
716.93
735.47
753.47
754.67
766.53
780.67
795.07
815.60
821.87
838.13
869.07
882.53
893.87
912.27
917.33
937.87
989.33
1017.33
1024.80
1045.47
1056.67
1071.07
1083.87
1090.67
1126.13
1179.60
1217.20
1221.60
1263.33
1274.53
1406.27
1417.47
1461.33
