Dataset = Clemson; Detections given in seconds from start of data
225.47
251.33
264.27
272.27
296.40
307.47
317.47
329.07
334.40
349.47
368.00
372.13
409.47
415.60
428.00
452.53
468.93
473.73
481.60
493.20
510.53
519.73
534.00
544.00
557.33
609.20
614.67
626.93
634.27
640.00
653.20
669.47
677.07
687.47
701.47
708.13
750.80
751.87
760.53
768.00
779.73
807.60
821.20
868.67
894.27
923.87
949.87
956.93
961.20
971.33
973.33
1012.27
1027.60
1037.87
1068.27
1077.87
1112.67
1114.40
1134.93
1152.13
1186.27
1197.60
1251.60
1257.73
1263.47
1267.73
1290.93
1298.53
1313.20
1320.00
1368.67
1371.33
1384.13
