Dataset = Clemson; Detections given in seconds from start of data
176.67
193.47
224.40
234.80
241.20
243.60
250.27
270.13
273.73
280.13
282.40
286.00
294.00
301.07
310.93
314.40
323.07
327.47
331.87
334.93
337.73
342.53
349.60
360.00
369.20
373.33
374.80
380.80
388.27
391.07
428.00
436.13
463.47
471.73
506.00
509.47
511.87
521.33
590.53
604.40
625.60
635.73
694.80
704.67
723.73
734.80
754.80
759.47
763.60
766.53
779.33
796.53
807.07
830.67
910.93
952.13
972.13
976.53
992.80
994.40
997.60
1004.53
1010.67
1018.00
1022.67
1033.20
1052.13
1065.87
1073.87
