Dataset = Clemson; Detections given in seconds from start of data
240.27
244.53
258.93
266.53
277.87
308.40
321.87
337.87
351.73
358.67
378.80
404.27
409.87
420.53
438.67
453.33
462.93
473.87
500.40
512.13
522.93
538.93
554.40
564.93
575.73
583.07
595.87
606.93
630.13
650.53
658.27
667.20
681.47
703.47
730.53
740.13
749.60
760.00
770.93
776.00
790.93
798.53
808.67
827.33
833.20
864.53
895.20
912.53
927.47
943.33
954.53
966.00
975.73
1023.87
1058.80
1073.60
1144.40
1167.87
1185.07
1192.53
1223.60
1238.27
1251.07
1283.07
1301.47
1325.73
1348.27
1355.20
1386.00
1399.87
1408.00
1416.93
1456.40
1498.40
1510.27
1520.00
1526.13
1574.93
1578.00
1619.73
1636.53
1672.27
1755.07
1787.20
1899.73
1906.93
1953.60
1998.67
