Dataset = Clemson; Detections given in seconds from start of data
66.00
84.53
88.13
93.73
97.73
102.13
105.60
108.80
124.67
133.07
140.80
171.47
232.27
244.00
265.20
275.87
286.80
300.13
321.20
328.53
336.00
341.20
357.20
368.53
376.67
378.27
392.53
403.07
413.60
424.80
435.60
448.80
452.40
463.47
471.87
477.20
485.20
491.60
498.67
513.20
521.20
530.27
544.80
557.07
567.07
582.53
592.00
599.73
604.53
610.40
622.27
645.07
649.60
656.13
665.87
683.07
688.27
704.93
712.00
719.60
732.53
739.87
746.27
753.73
764.53
776.53
785.47
792.93
804.53
821.20
828.93
