Dataset = Clemson; Detections given in seconds from start of data
11.20
15.47
36.93
44.53
50.27
56.27
98.93
117.20
122.27
127.33
147.33
154.53
159.07
166.00
172.00
188.80
194.53
203.60
208.00
215.20
220.13
224.80
231.07
238.80
241.87
247.20
252.00
258.93
272.53
275.33
280.13
291.73
302.53
316.80
321.20
327.87
346.93
351.33
363.73
373.20
384.67
395.87
404.93
423.73
431.47
446.00
447.20
469.87
479.07
485.47
498.27
513.20
523.20
528.13
580.40
584.40
594.27
624.40
629.87
637.33
643.73
655.20
661.07
697.87
706.27
752.67
772.00
818.67
824.93
827.73
844.00
846.53
878.80
918.13
