Dataset = Clemson; Detections given in seconds from start of data
51.87
57.47
68.93
92.80
113.20
126.80
134.13
143.33
174.67
192.53
200.40
211.20
222.13
231.87
238.27
247.20
260.40
270.40
295.20
315.07
324.53
345.87
357.33
371.20
380.40
392.40
399.87
409.60
414.80
423.47
436.67
448.53
454.67
459.47
464.53
478.93
486.93
490.80
498.40
579.07
593.33
605.73
615.73
620.13
638.13
652.13
657.73
664.80
688.93
705.73
718.13
731.47
745.20
754.00
778.27
790.93
804.80
821.73
833.33
846.27
855.87
926.27
985.73
