Dataset = Clemson; Detections given in seconds from start of data
20.53
84.13
101.47
182.67
247.33
255.07
260.00
269.47
292.53
302.00
312.53
329.73
388.13
424.13
427.87
447.20
498.00
513.47
530.13
571.33
645.87
716.40
731.20
746.80
762.93
772.27
777.20
850.80
857.47
863.87
883.60
895.47
913.07
928.13
936.93
981.47
997.87
1020.93
1046.93
1058.80
1092.40
1118.13
1142.53
1168.53
1189.07
1194.13
1200.40
1207.73
1217.20
1228.40
1237.47
1246.40
1257.07
1264.67
1280.67
1291.73
1300.27
1310.00
1315.87
1337.47
1346.27
1353.33
1367.07
1381.60
1390.13
1395.07
1398.67
1403.20
1410.80
1416.27
1431.87
1448.67
1452.40
1462.27
1467.33
1476.67
1506.53
1527.60
