Dataset = Clemson; Detections given in seconds from start of data
0.13
4.67
19.87
56.67
62.80
70.80
79.20
86.27
91.07
105.33
120.13
126.40
136.53
140.80
167.87
209.33
215.07
222.13
227.73
240.13
251.73
268.93
279.07
290.80
298.93
302.53
310.13
314.93
318.67
325.87
329.33
337.73
342.40
346.93
356.80
374.93
382.13
385.33
387.47
398.00
402.67
405.87
410.53
413.87
416.67
421.33
422.13
426.27
435.73
442.93
488.80
496.67
504.27
512.27
527.73
553.87
561.73
577.20
618.40
625.47
635.20
638.00
675.07
702.27
718.53
729.87
739.20
749.73
757.33
777.20
798.67
806.00
812.67
818.13
825.20
832.53
839.73
843.73
851.33
877.87
899.33
