Dataset = Clemson; Detections given in seconds from start of data
1.33
136.53
145.07
148.67
187.33
195.73
200.67
212.93
231.73
238.53
255.07
261.73
264.53
269.07
276.13
294.40
294.93
304.13
311.60
319.87
326.80
336.53
353.47
371.87
379.07
384.93
402.67
406.80
411.20
424.40
428.00
438.80
455.73
460.40
468.13
485.87
506.00
564.00
568.27
576.00
580.93
590.93
597.73
601.87
630.67
637.33
646.00
650.80
660.67
691.87
698.13
711.33
722.93
737.47
740.00
744.80
751.60
765.60
801.87
815.47
820.67
832.80
845.87
853.47
860.53
875.07
911.07
915.20
918.27
925.20
933.20
947.33
969.33
981.20
1030.80
1069.47
