Dataset = Clemson; Detections given in seconds from start of data
56.80
67.87
97.33
112.00
122.53
127.47
136.67
144.00
152.00
158.40
166.13
172.93
180.80
185.07
195.47
205.20
224.67
248.00
267.47
283.73
327.07
341.07
352.13
372.13
385.20
396.00
406.53
412.80
416.40
425.07
431.20
435.60
440.93
450.40
460.80
470.27
479.33
486.67
497.20
506.53
512.80
527.60
536.40
542.80
557.73
562.40
570.00
578.93
601.07
618.27
628.13
635.33
642.53
648.13
658.40
664.13
670.53
676.13
722.80
767.73
786.67
800.67
813.60
831.33
867.73
897.47
966.93
1044.80
1058.80
