Dataset = Clemson; Detections given in seconds from start of data
12.00
141.60
152.00
159.87
178.80
197.20
212.53
233.20
252.00
258.27
266.67
274.27
287.73
294.13
310.93
318.93
336.13
346.67
355.60
360.00
365.20
391.20
400.67
406.13
411.60
416.53
427.33
433.47
444.67
450.80
462.80
467.33
476.93
488.27
493.07
503.20
511.33
515.20
540.13
546.40
570.67
592.00
596.40
602.27
604.27
611.33
619.47
622.93
634.00
642.13
650.00
658.67
663.20
666.27
686.00
709.07
756.93
766.40
792.67
799.73
830.00
852.00
869.33
912.00
939.87
970.40
984.53
1024.00
1036.80
1042.93
1082.13
1110.67
1125.87
