Dataset = Clemson; Detections given in seconds from start of data
32.80
55.87
65.20
74.53
90.80
125.87
140.13
157.87
173.20
189.07
198.00
230.13
246.13
252.00
256.93
260.13
265.20
301.20
308.80
334.13
384.13
470.27
480.40
495.47
517.47
534.67
541.60
564.40
587.20
599.60
608.93
622.93
643.87
650.00
668.00
679.60
687.87
698.67
707.60
727.47
735.20
745.33
771.33
793.20
814.13
820.27
827.73
862.40
890.80
912.00
942.93
972.80
1004.40
1037.47
1059.73
1068.53
1134.00
1167.33
1181.87
1186.93
1191.87
1197.47
1211.60
1223.47
1239.33
1283.47
