Dataset = Clemson; Detections given in seconds from start of data
37.60
205.20
295.60
306.80
316.27
339.87
365.73
376.93
392.00
422.67
448.53
458.53
478.40
497.20
516.53
523.07
532.00
536.53
563.47
571.20
584.00
593.20
614.53
667.73
681.60
711.73
730.40
734.13
768.93
775.20
822.13
830.53
850.27
865.20
885.87
892.13
936.27
945.20
956.53
962.27
971.07
983.87
1025.87
1056.93
1068.53
1076.13
1093.33
1119.73
1139.47
1153.73
1157.87
1169.33
1183.20
1219.60
1229.07
1262.67
1272.13
1288.00
1306.67
1323.47
1340.53
1359.87
1369.07
1388.67
1399.33
1407.20
1422.80
1444.13
1464.27
1480.80
1488.67
1507.87
1524.80
1555.87
1568.53
1584.40
1618.67
