Dataset = Clemson; Detections given in seconds from start of data
215.47
230.67
245.73
258.80
289.73
313.60
333.20
370.67
374.67
396.80
416.00
437.87
452.67
458.53
486.53
544.40
629.47
641.87
680.80
692.00
700.93
709.73
722.00
731.47
754.00
761.73
793.07
801.87
810.80
820.13
835.87
848.13
864.27
874.27
886.80
901.47
919.87
936.67
945.60
950.00
958.27
1136.27
1151.33
1186.40
1215.60
1225.47
1245.20
1264.27
1277.07
1294.27
1305.60
1320.93
1331.73
1344.67
1360.80
1386.40
1400.13
1408.67
1414.93
1420.13
1426.27
1432.27
1452.13
1459.07
1471.73
