Dataset = Clemson; Detections given in seconds from start of data
24.13
33.20
45.33
53.60
70.93
78.00
99.47
126.67
133.07
154.27
161.47
184.67
197.60
214.27
231.33
248.27
260.27
264.80
278.93
283.47
300.67
312.53
335.73
358.13
366.00
388.27
399.87
418.00
431.87
461.87
499.07
508.80
518.93
534.27
549.60
575.07
587.87
610.80
631.33
640.13
659.07
675.60
682.00
701.73
719.87
737.47
742.93
756.00
768.13
793.20
802.00
808.00
815.73
828.40
836.93
857.07
864.13
900.53
907.47
943.07
948.80
976.80
980.53
1008.80
1015.20
1040.53
1046.00
1073.60
1077.60
1096.67
