Dataset = Clemson; Detections given in seconds from start of data
18.93
51.73
58.93
112.93
231.87
237.47
251.07
257.87
261.07
292.67
312.27
357.60
364.53
372.53
383.33
418.27
443.73
446.13
464.93
504.27
544.40
559.33
573.60
621.20
636.67
638.67
662.13
682.93
733.33
764.00
772.40
787.20
788.80
852.27
868.93
912.13
928.93
963.87
967.20
972.00
976.67
980.53
989.73
1006.13
1029.33
1042.67
1047.87
1056.93
1074.13
1078.67
1097.07
1112.13
1119.60
1151.33
1164.80
1177.87
1202.40
1218.80
1224.80
1239.60
1243.87
1248.40
1271.47
1289.33
1297.07
1313.87
