Dataset = Clemson; Detections given in seconds from start of data
51.20
119.47
131.47
148.67
167.73
194.80
212.53
242.93
291.60
298.40
309.87
314.00
363.33
379.60
396.13
404.00
429.33
480.00
492.53
507.33
533.47
554.00
614.00
623.47
630.53
660.00
666.67
671.47
681.73
691.87
710.13
725.60
760.93
776.53
785.73
806.80
818.67
831.33
841.87
854.00
936.00
954.13
958.67
1011.33
1027.73
1034.80
1046.80
1104.13
1115.20
1127.87
1153.20
1226.27
1241.73
1254.27
1276.00
1289.87
1293.73
1299.73
1307.60
1330.53
1336.80
1348.27
1364.00
1371.73
1400.40
1424.93
1445.20
1454.00
1462.67
1475.33
1508.53
1522.93
1535.60
