Dataset = Clemson; Detections given in seconds from start of data
96.67
106.00
112.67
122.53
125.47
133.07
142.80
151.87
158.27
167.47
176.40
221.07
227.33
234.00
239.60
245.33
248.13
252.00
264.40
269.60
275.47
282.40
290.93
299.60
305.07
309.20
321.87
329.60
335.60
340.93
347.47
352.00
359.60
366.93
376.13
386.53
393.87
401.73
406.53
416.27
420.53
423.07
428.53
432.27
437.47
447.33
457.20
465.47
469.47
477.47
485.73
496.00
500.53
507.33
513.20
524.80
532.93
536.27
540.53
544.40
547.87
551.73
556.67
566.27
569.20
576.53
580.27
613.60
636.40
659.33
