Dataset = Clemson; Detections given in seconds from start of data
293.33
302.27
314.27
416.93
447.73
464.80
470.27
491.07
498.13
504.40
513.60
523.07
543.73
550.00
563.60
614.53
623.73
641.60
663.33
683.20
722.93
737.20
762.13
767.87
775.47
788.67
794.67
801.73
810.13
841.20
858.13
861.07
864.00
900.40
909.47
920.80
926.67
941.73
957.87
982.53
989.07
995.60
1000.53
1006.13
1014.00
1022.00
1039.07
1041.73
1056.53
1073.47
1086.67
1098.67
1120.27
1133.47
1175.20
1237.20
1272.00
1283.07
1293.87
1308.80
1335.47
1360.53
1430.67
1461.07
1467.47
1476.80
1482.53
1486.53
1505.87
1517.33
1531.87
1538.67
1543.33
1555.87
1556.80
1569.20
1579.33
1588.80
1596.53
1603.87
1608.80
1614.13
1619.20
1623.60
