Dataset = Clemson; Detections given in seconds from start of data
0.53
16.80
84.67
94.80
97.60
123.73
136.40
163.87
172.53
190.40
196.67
204.80
212.93
333.20
337.20
344.27
348.00
361.47
371.87
380.53
388.93
407.20
429.20
432.67
454.27
460.00
470.80
480.13
490.93
494.53
509.47
521.73
524.67
528.40
532.40
535.60
540.80
543.47
546.40
560.80
572.00
575.20
578.67
582.53
591.47
597.60
609.07
615.47
624.53
632.40
639.87
672.13
698.00
706.67
747.73
751.60
807.07
818.53
823.60
855.07
884.27
894.13
911.20
919.33
937.47
947.87
955.47
961.07
964.67
973.47
977.60
988.27
1268.53
1480.13
