Dataset = Clemson; Detections given in seconds from start of data
9.33
14.27
55.87
60.67
64.93
77.87
93.33
105.07
113.87
130.13
152.80
177.87
196.13
202.13
250.27
274.27
296.00
336.27
340.93
360.80
380.13
395.73
417.47
425.73
432.80
452.40
458.53
466.53
488.53
509.07
531.33
552.27
568.27
590.40
595.73
604.13
615.60
626.93
635.33
653.20
659.33
681.73
691.47
707.20
710.67
738.00
751.47
774.40
788.40
802.67
813.07
821.47
826.40
872.93
878.80
886.00
891.60
903.60
910.13
920.13
934.53
944.00
960.13
973.60
980.13
988.93
1036.13
1057.47
1060.00
1078.00
1083.87
1111.87
1121.60
1132.40
1139.07
1159.20
1167.87
1174.67
1184.93
1196.80
1206.40
1220.13
1245.60
1255.60
1260.40
1289.73
