Dataset = Clemson; Detections given in seconds from start of data
12.67
32.93
42.93
53.33
59.87
66.13
79.73
121.33
126.40
134.00
141.73
153.33
172.27
179.87
185.73
196.67
216.13
221.07
226.67
242.00
247.73
273.60
293.73
301.87
312.67
330.67
333.60
351.07
361.47
371.73
375.47
398.40
407.73
420.67
438.67
442.93
461.20
479.73
494.80
525.07
530.67
552.80
564.27
572.13
591.73
608.53
644.13
658.67
688.27
700.93
704.27
716.67
724.27
738.00
742.53
754.93
758.40
761.33
767.60
771.60
802.13
817.07
930.80
