Dataset = Clemson; Detections given in seconds from start of data
0.13
168.27
189.73
198.13
214.40
221.60
230.13
250.93
268.40
275.47
287.33
300.67
312.53
322.00
338.93
351.07
358.27
399.20
470.27
485.20
499.20
518.40
546.00
562.53
579.07
598.93
621.60
652.80
683.60
708.80
743.60
760.80
789.07
808.80
828.13
846.00
863.20
877.87
897.20
904.80
917.87
932.53
949.60
963.60
972.40
984.40
993.87
1008.93
1019.87
1033.20
1050.67
1058.67
1082.53
1091.60
1105.60
1118.80
1129.20
1146.27
1160.13
1206.80
1224.67
1239.33
1252.40
1286.80
1300.53
1322.00
1338.40
1352.27
1364.80
1378.00
1386.80
1399.47
1446.80
1464.27
