Dataset = Clemson; Detections given in seconds from start of data
132.67
141.33
150.13
156.93
160.67
169.87
178.80
185.47
196.93
197.60
204.13
268.67
275.33
285.73
293.73
297.60
329.47
337.33
349.73
358.93
366.93
375.07
391.20
398.67
402.27
426.27
448.93
456.00
460.80
471.60
479.73
483.60
488.67
503.60
510.40
545.60
569.33
590.93
603.33
625.33
631.73
640.27
655.33
670.40
690.93
700.80
710.40
717.47
725.20
733.07
742.53
748.27
755.20
758.67
765.87
803.07
905.47
913.07
926.00
933.33
938.67
949.87
964.67
974.80
987.60
1002.40
1007.47
1014.27
1020.40
