Dataset = Clemson; Detections given in seconds from start of data
31.47
50.00
65.07
91.33
103.47
113.73
135.73
144.40
152.93
167.47
174.00
178.53
199.20
210.27
215.33
218.80
232.00
246.93
258.13
263.60
266.80
280.67
285.07
287.60
291.73
304.67
312.67
320.93
330.93
339.07
346.93
353.73
395.33
402.53
412.93
414.93
423.07
426.80
435.47
456.00
477.33
486.40
489.33
495.73
503.20
517.20
539.07
539.87
545.60
570.93
582.80
605.20
632.40
643.20
652.93
658.53
715.33
721.07
761.07
774.53
779.33
783.87
788.80
