Dataset = Clemson; Detections given in seconds from start of data
71.33
84.00
94.13
102.80
117.60
136.40
150.00
159.07
170.67
183.07
185.60
193.87
234.93
241.33
252.13
259.47
268.53
320.00
335.60
348.27
378.13
443.73
451.33
482.27
491.20
499.60
507.73
511.07
532.00
559.33
568.67
578.93
593.33
608.13
614.27
622.40
630.00
636.00
648.40
654.53
661.47
672.80
689.47
704.53
713.47
723.07
727.60
733.33
744.67
765.73
776.93
783.60
792.40
804.27
819.47
830.40
844.67
862.53
878.40
888.53
901.33
917.60
924.40
935.60
940.00
955.73
