Dataset = Clemson; Detections given in seconds from start of data
36.53
80.00
95.20
121.33
125.87
172.80
194.93
206.80
235.47
248.80
270.53
277.73
291.73
323.60
332.53
363.47
386.67
401.47
418.00
436.67
444.53
466.40
478.53
490.80
524.53
540.80
554.67
567.33
583.33
645.60
656.80
690.40
737.47
747.07
755.73
793.73
816.80
839.60
856.80
874.93
894.27
903.33
919.60
925.20
981.33
1026.27
1042.27
1085.60
1095.33
1125.20
1146.40
1157.73
1178.53
1195.20
1228.13
1248.00
1255.47
1265.33
1271.87
1295.73
1306.53
1313.07
1408.67
1417.87
1426.13
1434.93
1441.07
1451.07
1459.73
1584.00
