Dataset = Clemson; Detections given in seconds from start of data
1.20
54.53
66.93
76.00
88.93
163.33
188.00
200.00
213.87
222.53
229.20
239.73
247.07
256.53
268.40
274.40
275.87
280.93
285.73
290.67
294.53
303.47
312.67
317.33
322.93
326.93
332.93
357.60
368.53
376.13
380.13
388.27
399.73
402.27
440.00
445.20
448.40
463.07
473.07
481.47
493.73
496.00
499.60
514.67
531.60
546.00
560.40
566.27
570.67
578.53
587.20
595.47
602.13
607.60
613.33
630.00
637.47
642.00
645.60
648.67
652.00
662.67
666.67
672.53
676.27
679.47
684.80
699.07
709.73
712.80
781.60
787.07
792.40
