Dataset = Clemson; Detections given in seconds from start of data
57.33
133.07
144.53
155.87
165.33
185.47
190.80
220.13
225.60
228.67
232.93
241.73
262.53
272.93
337.60
351.87
358.67
368.27
376.67
382.67
400.93
404.80
422.67
428.67
441.20
446.27
452.00
458.93
467.47
484.53
498.93
503.33
507.20
525.47
559.73
570.27
582.00
595.33
608.00
614.67
637.60
645.60
651.60
684.27
696.53
699.60
723.73
730.27
740.80
758.13
764.53
773.73
782.93
798.13
804.13
809.20
813.47
832.27
837.47
846.93
855.07
859.47
868.13
894.53
