Dataset = Clemson; Detections given in seconds from start of data
231.47
250.80
269.60
276.13
285.73
289.20
296.53
300.53
304.53
309.33
311.73
329.20
338.27
345.33
350.53
367.47
380.00
391.87
408.93
423.20
459.33
470.13
481.33
493.47
505.60
524.53
530.93
543.33
566.53
573.87
588.27
596.40
601.73
613.87
618.67
623.33
628.13
632.40
636.80
640.80
645.73
651.47
665.33
672.67
678.00
686.67
694.00
699.60
702.40
706.40
710.27
717.33
720.80
729.07
737.47
742.53
753.87
759.73
765.73
771.07
774.93
781.20
786.80
791.73
802.27
805.20
809.73
812.53
822.27
855.20
868.93
884.80
889.07
910.67
917.07
