Dataset = Clemson; Detections given in seconds from start of data
9.33
17.87
43.47
53.87
64.67
70.93
75.87
102.00
137.07
146.80
155.20
173.87
180.93
199.73
208.27
217.60
232.67
252.67
261.87
280.13
289.87
303.60
321.20
336.40
359.60
380.00
389.73
405.87
413.73
423.60
441.33
459.07
465.60
478.27
490.00
501.73
510.80
517.60
522.80
535.07
548.00
557.73
584.67
606.27
628.13
645.20
660.80
665.20
680.40
703.60
719.47
722.93
760.93
776.13
791.73
810.93
851.87
871.33
888.13
909.73
965.87
982.27
998.13
1015.07
1064.00
1078.00
1093.20
1105.47
1108.27
1115.20
1135.47
1192.40
