Dataset = Clemson; Detections given in seconds from start of data
0.13
36.53
54.53
64.67
74.80
89.47
149.20
176.27
186.67
208.53
227.73
243.73
256.13
267.87
277.87
293.60
301.20
318.67
346.67
350.53
381.73
404.00
417.60
430.27
460.40
480.27
491.07
507.73
516.00
536.00
549.20
572.53
583.60
592.53
613.07
629.73
656.80
670.27
680.27
686.80
698.80
717.07
729.87
745.87
757.87
769.47
793.33
804.67
825.07
901.20
936.80
1143.60
1166.80
1241.47
1265.73
1266.93
1299.73
1312.93
1329.33
1355.47
1386.40
1400.00
1441.73
1452.80
1500.80
1569.60
1592.53
1600.00
1602.53
1611.87
1620.80
1636.40
1659.87
1684.67
1708.67
1728.53
1762.27
1785.87
1809.73
