Dataset = Clemson; Detections given in seconds from start of data
101.47
125.07
129.47
134.53
149.60
164.40
194.13
214.93
248.13
253.87
262.93
272.13
290.67
356.13
371.47
376.00
381.33
389.33
392.80
457.07
472.93
483.33
491.47
495.07
504.13
519.87
532.40
553.47
557.60
564.67
573.47
580.80
588.40
597.07
604.67
625.07
638.13
645.07
652.13
656.13
662.80
671.60
679.20
685.47
692.40
702.53
709.07
716.80
757.20
761.73
766.13
774.53
783.60
791.87
801.87
808.40
812.13
820.40
826.00
830.27
868.67
872.67
893.20
949.47
988.13
1005.73
1032.93
1094.40
1164.53
1181.47
