Dataset = Clemson; Detections given in seconds from start of data
16.80
38.53
86.13
110.93
129.47
144.80
166.53
179.73
188.13
204.93
206.27
218.27
225.47
232.00
275.20
290.40
320.80
331.47
350.13
356.93
364.80
369.20
382.13
393.20
410.13
415.20
421.20
452.27
457.60
461.87
466.00
472.00
483.87
522.27
580.67
583.73
587.87
596.80
605.20
619.33
626.80
634.13
641.47
647.33
677.20
710.93
752.93
767.33
771.07
776.40
790.93
800.40
822.93
847.47
874.93
883.20
899.47
912.13
923.87
934.13
940.80
956.13
971.33
991.47
998.53
1012.93
1047.20
1054.80
1058.53
