Dataset = Clemson; Detections given in seconds from start of data
4.67
174.27
185.73
190.80
202.80
211.07
214.40
219.07
222.53
229.47
274.27
278.40
283.20
305.87
312.00
316.67
324.00
333.73
340.00
349.07
358.27
364.93
373.33
380.40
396.93
406.67
416.67
425.20
467.73
473.20
478.40
486.00
494.13
504.00
513.73
526.00
536.67
543.33
546.93
555.60
568.53
593.73
611.47
622.13
631.73
648.27
665.47
683.87
687.47
706.53
739.87
754.00
783.60
804.93
816.93
824.93
834.13
849.33
853.60
881.20
899.33
926.27
937.07
946.40
948.93
967.07
970.53
975.60
982.40
993.07
1001.60
1021.60
1031.60
1041.73
1046.67
1049.60
1056.00
1059.87
1069.07
1083.07
1088.00
1094.13
1101.20
1109.47
1119.07
1132.80
1140.27
1149.87
1173.60
1180.53
1189.20
1202.67
1222.00
1234.00
1240.53
1257.87
1263.87
1271.87
1280.40
