Dataset = Clemson; Detections given in seconds from start of data
21.07
65.73
71.20
78.93
94.13
102.93
120.67
136.93
149.73
169.47
202.53
230.53
244.40
250.80
263.07
271.20
284.93
297.60
302.67
316.93
391.20
455.07
461.60
470.80
477.47
478.00
501.60
510.00
515.87
529.07
545.87
551.07
576.00
597.87
601.20
620.27
633.47
642.27
665.20
678.80
693.60
707.47
720.67
743.60
753.47
762.93
784.93
793.07
806.67
815.87
828.67
839.60
898.53
958.67
972.67
992.27
1020.13
1041.20
1062.27
1089.07
1104.00
1130.13
1134.27
1198.67
1200.93
1205.87
1221.60
1234.53
1327.60
1336.93
