Dataset = Clemson; Detections given in seconds from start of data
334.13
347.20
362.80
391.87
405.73
420.40
433.33
458.67
465.73
478.67
490.93
501.60
512.80
526.93
531.07
553.73
570.40
598.67
608.00
611.87
618.93
623.33
633.33
644.13
655.73
668.80
713.20
718.93
733.60
739.33
743.73
758.80
763.87
772.13
779.07
784.40
795.07
828.13
856.00
878.67
952.67
957.47
963.20
977.20
981.60
994.40
1165.73
1280.00
1304.13
1325.20
1332.53
1343.47
1349.07
1353.20
1356.53
1361.20
1370.27
1374.27
1379.87
1383.73
1394.53
1405.87
1414.27
1423.60
1432.80
1439.60
1451.87
1459.73
1465.20
1478.80
