Dataset = Clemson; Detections given in seconds from start of data
49.47
69.33
93.73
104.13
108.27
137.47
142.80
146.93
195.20
225.20
232.80
242.27
250.53
265.60
273.20
282.53
293.73
302.00
315.07
345.73
363.87
387.33
398.80
403.73
415.07
425.07
437.07
450.27
457.60
461.33
466.27
481.20
496.67
514.93
545.33
567.47
583.33
586.67
596.27
622.00
635.33
645.47
673.33
688.53
693.87
705.87
724.00
734.53
749.47
758.27
765.20
774.93
778.80
783.87
813.47
826.93
836.67
858.00
879.07
894.93
930.00
945.20
962.27
974.27
1033.33
1038.67
1056.13
