Dataset = Clemson; Detections given in seconds from start of data
1.20
11.60
113.87
125.20
139.87
174.40
187.47
238.93
267.60
279.47
298.13
302.53
307.60
331.73
341.33
355.33
362.93
367.47
385.20
436.13
491.73
497.73
512.00
540.27
564.13
581.87
594.80
602.27
615.87
625.33
630.67
636.40
643.47
652.40
673.20
694.27
703.47
734.53
744.80
754.53
756.13
768.00
774.40
781.60
792.27
805.60
809.47
822.00
858.67
863.60
885.47
889.73
901.60
910.13
931.47
932.27
958.27
967.87
971.20
988.80
1003.87
1016.53
1020.67
