Dataset = Clemson; Detections given in seconds from start of data
4.13
100.67
131.60
143.87
148.53
156.00
160.67
165.47
180.27
192.80
209.60
225.07
264.27
273.73
284.80
294.13
298.13
302.93
311.47
319.47
342.80
354.80
362.80
390.40
403.33
420.93
436.13
483.33
499.73
504.53
509.60
525.60
540.67
545.33
560.67
579.47
603.47
620.93
635.60
649.20
669.87
689.47
699.47
710.13
744.00
784.67
798.00
805.20
822.40
826.93
840.67
850.40
864.67
875.73
883.47
897.60
903.47
910.27
920.27
933.33
940.27
949.73
956.13
973.07
985.33
1012.13
