Dataset = Clemson; Detections given in seconds from start of data
56.67
78.80
118.80
134.53
165.07
183.73
208.53
232.00
350.80
361.33
394.53
411.47
427.47
438.40
475.07
525.20
534.27
553.87
561.60
570.27
586.93
596.80
607.87
615.87
621.87
645.20
653.07
664.93
676.00
689.20
692.67
705.20
715.87
725.20
735.20
741.47
762.53
766.40
773.20
796.40
804.40
809.20
818.40
825.20
841.07
852.13
859.33
868.13
889.73
904.53
916.00
943.33
957.07
971.33
976.13
987.73
1048.93
1060.40
1076.80
1090.00
1098.80
1110.80
1117.87
1141.07
1146.27
1159.60
1164.40
1179.20
1195.33
1199.47
1206.53
1227.47
1240.53
1272.67
1278.13
1286.53
1290.40
1327.07
1330.93
1351.73
1366.00
1377.20
1380.67
1430.00
1486.27
1494.40
1499.33
1513.20
1547.20
1555.47
1580.27
1592.93
1617.87
1628.93
1644.40
1650.27
1676.53
1684.80
1696.40
1722.27
1730.67
1749.20
1754.53
1772.67
