Dataset = Clemson; Detections given in seconds from start of data
76.53
83.33
93.47
104.00
131.33
170.67
199.20
230.80
272.13
301.73
340.80
347.20
461.07
491.33
509.33
531.07
569.07
583.87
588.53
610.93
634.93
640.80
651.47
664.53
679.47
685.60
708.80
735.33
744.67
765.20
785.73
801.60
812.80
821.33
850.00
851.20
871.73
886.27
890.13
908.93
941.60
966.93
986.13
997.47
1002.00
1046.13
1071.47
1078.93
1110.13
1147.47
1157.87
1167.07
1181.73
1204.13
1214.13
1242.93
1258.27
1273.87
1287.07
1326.80
1346.00
1364.53
1386.80
1395.07
1430.40
1437.07
1468.13
1504.13
1530.40
1553.33
1601.60
1631.20
1662.40
1672.40
1728.13
1756.00
1772.27
1804.27
1827.20
1851.07
1871.73
1903.47
1930.80
1958.00
2012.67
2047.07
2078.93
2084.40
2099.20
2120.53
2137.20
2171.20
2183.47
2222.80
