Dataset = Clemson; Detections given in seconds from start of data
68.27
73.47
82.27
104.27
140.27
145.47
156.13
164.13
167.20
177.60
183.07
190.40
198.67
216.27
219.73
240.93
256.13
287.60
298.93
309.47
336.93
348.00
355.47
361.20
377.07
390.93
405.07
419.73
459.20
472.00
479.60
490.67
501.47
512.80
526.40
547.87
560.40
569.07
572.53
582.13
595.07
600.53
611.47
616.93
636.13
654.80
663.87
671.20
679.20
680.00
700.00
710.13
715.33
730.80
737.33
757.07
761.47
765.33
829.33
833.07
836.53
848.80
859.33
866.13
876.27
892.53
902.93
915.87
922.40
928.00
931.07
939.73
956.93
971.87
986.40
994.67
1005.47
1008.93
1022.67
1057.47
1077.07
1082.93
1093.33
1101.60
1106.40
1110.80
1115.47
1124.13
1130.40
1139.20
1158.80
1204.53
1246.93
1305.47
1311.87
1318.27
1327.07
1338.93
1350.40
1363.33
1368.13
1372.53
1385.47
