Dataset = Clemson; Detections given in seconds from start of data
30.27
35.20
38.80
45.60
55.07
76.67
101.87
121.33
126.00
137.73
147.87
160.53
161.73
168.80
173.73
176.67
191.07
196.67
202.27
213.87
219.87
222.53
228.00
236.00
241.33
245.87
252.13
262.53
283.73
288.93
296.53
324.40
338.40
342.00
352.40
353.60
361.47
400.40
404.67
410.27
424.80
437.33
445.73
450.53
462.40
468.13
471.47
478.93
490.53
493.33
499.20
507.60
523.33
547.20
555.33
569.33
577.60
605.73
611.60
670.27
779.47
792.80
799.07
