Dataset = Clemson; Detections given in seconds from start of data
0.27
210.40
224.27
246.40
250.53
412.67
444.00
472.27
492.40
521.60
540.00
573.20
588.40
600.93
616.40
640.40
661.60
674.00
741.47
758.80
784.67
798.13
806.40
833.33
856.40
893.47
952.53
956.53
986.13
1013.87
1018.00
1052.67
1071.33
1089.87
1117.20
1203.60
1232.00
1254.67
1278.67
1298.27
1328.40
1352.80
1375.20
1401.07
1419.60
1437.47
1480.27
1497.87
1517.20
1522.53
1557.73
1586.13
1596.13
1606.13
1625.73
1667.87
1677.73
1693.60
1703.07
1726.13
1737.87
1754.27
1774.67
1788.67
1807.60
1826.67
1900.13
