Dataset = Clemson; Detections given in seconds from start of data
45.20
73.60
78.40
111.07
135.87
168.40
204.00
231.33
312.00
350.67
426.00
452.93
468.53
505.73
538.00
544.93
561.60
591.20
610.53
620.27
633.07
671.07
678.27
708.00
716.00
744.93
770.67
784.13
789.47
802.93
829.60
856.27
876.40
886.67
927.60
944.53
966.53
983.20
991.07
1021.07
1028.53
1043.87
1048.80
1081.73
1107.07
1128.67
1152.80
1166.93
1179.73
1215.73
1222.27
1255.47
1275.60
1292.40
1309.73
1324.13
1332.13
1354.67
1370.80
1428.53
1447.33
1485.33
