Dataset = Clemson; Detections given in seconds from start of data
34.13
44.80
66.00
74.93
92.67
109.60
124.13
136.13
141.87
175.60
184.00
189.20
195.33
202.13
219.33
220.00
230.67
246.27
320.40
339.73
349.73
361.20
382.00
388.40
391.33
400.93
429.47
438.40
453.33
461.07
476.93
498.67
540.67
548.13
585.33
626.13
633.87
660.00
676.27
693.87
699.20
707.47
712.00
736.00
751.73
771.20
777.73
802.80
825.20
827.73
853.33
875.47
879.60
1005.20
1039.47
1057.87
1087.07
1130.00
1206.00
1210.53
1214.53
1224.13
1255.47
1271.60
1290.93
1300.27
1308.27
1312.40
1322.40
