Dataset = Clemson; Detections given in seconds from start of data
61.20
64.00
66.27
70.67
72.80
82.67
104.93
114.53
122.00
126.80
172.93
174.80
190.00
198.00
206.27
222.40
234.13
260.93
267.20
274.00
285.73
288.67
291.07
295.60
310.13
317.60
322.80
326.93
335.47
338.27
363.07
384.80
391.20
416.27
423.73
430.67
434.80
448.27
470.80
479.73
495.07
498.67
509.07
519.87
523.47
528.93
536.13
548.13
554.00
572.80
584.80
619.07
624.93
628.40
632.27
640.40
648.93
666.67
670.53
678.40
688.67
692.80
700.67
725.73
774.40
