Dataset = Clemson; Detections given in seconds from start of data
0.13
147.73
159.47
179.20
186.00
194.13
222.67
288.13
301.60
310.67
349.47
360.53
367.20
376.80
388.00
405.73
436.00
442.93
467.60
478.40
496.27
507.87
519.73
536.80
546.80
557.20
563.33
591.73
595.60
601.73
617.07
635.47
642.27
662.13
686.53
701.47
707.47
715.33
741.60
758.40
769.47
777.47
781.20
798.00
811.87
842.80
873.47
880.67
907.33
916.67
934.27
951.73
987.60
1005.87
1024.53
1040.93
1055.47
1071.87
1118.93
1150.67
1156.53
1183.07
1189.73
1198.80
1265.73
1297.87
1303.87
1356.80
1360.53
1364.00
1384.80
