Dataset = Clemson; Detections given in seconds from start of data
173.47
186.27
213.60
243.47
250.80
257.33
282.67
294.80
319.07
328.67
343.60
347.20
365.87
417.60
427.20
454.53
461.33
471.60
477.87
490.00
502.27
520.93
524.80
560.00
586.53
592.67
602.13
648.13
658.93
700.00
709.60
740.40
762.40
769.73
798.27
813.20
826.80
832.40
891.20
920.53
946.67
954.00
969.73
978.00
1014.67
1019.87
1046.53
1057.73
1071.07
1075.07
1087.73
1090.53
1114.27
1123.33
1129.33
1135.07
1140.80
1149.87
1158.00
1167.07
1173.87
1181.20
1189.60
1194.27
1201.87
1211.07
1218.27
1246.80
1259.07
1263.87
1268.93
1275.60
1292.27
