Dataset = Dnd Clemson; Detections given in seconds from start of data
44.95
56.77
76.27
83.86
91.73
96.23
106.83
155.02
167.95
181.08
189.52
192.61
209.11
221.86
240.33
251.02
288.98
306.42
331.08
341.58
366.89
394.17
403.27
409.08
412.55
416.67
420.52
424.08
428.86
433.92
444.98
462.98
470.86
479.67
487.92
497.20
501.42
507.98
513.80
517.64
524.58
535.08
539.48
542.86
553.83
576.98
579.70
589.45
605.30
607.55
712.83
757.73
825.98
856.36
858.33
860.67
862.64
868.08
884.86
892.55
902.67
918.98
925.64
941.48
946.92
959.67
1040.02
1042.17
1054.73
1062.89
1065.70
1069.64
1082.11
1096.92
1109.58
1129.83
1150.17
1158.61
