Dataset = Dnd Clemson; Detections given in seconds from start of data
222.66
227.72
233.06
237.47
243.09
255.47
267.75
275.72
279.56
286.12
292.22
295.22
308.81
329.62
333.94
344.81
349.69
354.00
357.94
364.03
375.66
379.59
400.31
407.44
419.16
425.06
436.41
441.38
447.84
451.97
456.38
458.81
470.72
472.88
477.75
479.72
491.06
496.41
502.03
511.12
520.88
533.53
539.16
543.56
549.75
558.84
570.56
573.56
578.91
584.81
592.41
595.97
603.66
607.41
619.88
626.72
632.44
642.00
654.47
659.34
662.81
666.66
674.44
676.69
681.56
688.41
713.34
720.47
742.78
748.03
750.56
767.91
782.91
792.47
797.25
800.62
803.72
810.75
815.91
818.81
837.19
850.31
861.75
867.28
881.34
885.84
892.88
898.31
900.38
904.50
909.09
911.16
918.94
929.81
953.44
963.00
965.53
971.44
978.66
982.12
988.31
1000.50
1005.47
1008.66
1015.88
1020.38
1032.66
1038.56
1042.41
1049.81
1055.16
1060.97
1065.47
1070.62
1074.28
1078.22
1080.94
1087.59
1093.12
1100.53
1107.84
1119.28
1125.94
1130.62
1136.81
1142.81
1148.62
1153.50
1156.88
1159.69
1168.50
1173.94
1176.75
1178.81
1183.22
1188.94
1196.34
1222.50
1229.62
1235.91
1240.03
1247.44
1253.62
1261.12
1272.56
1280.81
1286.53
1293.09
1303.31
1309.50
1313.34
1316.62
1321.78
1332.00
1344.66
1348.69
1357.97
1365.47
1369.12
1372.22
1377.66
1381.88
1388.81
1394.44
1401.00
1412.91
1424.25
1429.41
1438.88
1446.38
1449.56
1453.31
1459.12
1467.75
1479.84
1486.22
1500.38
1521.94
1534.88
1573.59
1579.12
1581.66
1602.84
1605.56
1613.53
1615.97
1670.72
1830.84
1833.94
