Dataset = Dnd Clemson; Detections given in seconds from start of data
54.17
58.67
62.42
70.86
76.39
91.58
101.80
112.11
114.17
128.61
145.02
151.11
174.55
194.23
201.36
227.23
248.70
272.70
293.05
295.20
333.83
339.55
359.42
377.80
390.17
394.39
415.67
424.39
432.17
450.27
456.64
459.73
465.36
486.55
489.92
507.17
530.70
535.39
550.11
566.61
584.05
588.92
593.14
600.92
614.14
624.36
633.92
651.27
657.45
670.86
680.33
690.08
705.36
708.92
726.92
732.17
736.58
749.52
768.73
773.14
784.58
801.36
811.39
814.95
819.36
824.52
842.33
871.48
877.20
884.33
889.30
908.42
917.70
923.42
930.17
942.36
958.67
968.23
971.98
974.23
978.17
986.05
989.33
991.86
999.73
1003.20
1020.27
1035.55
1047.73
1055.05
1057.95
1068.73
1076.70
1081.67
1105.20
1109.89
1116.45
1119.83
1124.98
1129.86
1137.64
1150.95
1157.61
1162.86
1183.02
1187.61
1192.67
1194.92
1197.17
1204.11
1217.14
1221.64
1247.33
1250.70
1258.48
