Dataset = Dnd Clemson; Detections given in seconds from start of data
67.67
78.36
84.83
118.77
129.17
150.73
158.23
163.86
179.61
186.27
194.14
202.11
212.89
222.73
244.58
256.67
263.52
268.77
272.05
282.45
292.02
314.98
317.05
324.17
331.39
341.70
345.92
348.92
351.64
354.92
365.70
375.36
383.33
403.11
522.55
566.33
573.08
580.39
602.70
643.95
826.48
890.05
942.27
946.67
948.73
952.77
958.11
1018.20
1055.80
1059.73
1064.05
1082.42
1101.92
1130.42
1132.95
1139.98
1142.70
1147.20
1162.20
1169.05
1172.33
1180.30
1189.11
1202.80
1251.92
1271.80
1289.14
1306.48
1308.64
1329.36
1343.52
1348.20
1373.98
1378.02
1384.58
1400.23
1404.55
1409.70
1416.17
1421.05
1427.33
1444.48
1453.95
1458.73
1461.64
1469.05
1476.27
1480.67
1488.92
1498.58
1512.36
1532.23
1548.83
1601.89
