Dataset = Dnd Clemson; Detections given in seconds from start of data
81.62
91.00
102.06
129.34
168.62
194.97
227.03
263.03
266.88
299.78
302.12
337.38
345.44
358.47
387.44
459.34
489.44
507.25
526.94
529.00
545.97
552.53
566.97
582.25
587.31
608.41
628.47
646.47
650.12
683.59
706.84
729.53
743.22
761.88
772.75
783.81
799.56
819.16
835.47
847.94
863.50
884.41
888.72
903.34
907.47
933.81
940.38
965.31
968.03
981.53
995.31
1000.19
1036.19
1044.16
1065.34
1070.41
1077.16
1099.19
1101.44
1108.19
1140.34
1145.41
1153.94
1165.56
1173.16
1179.91
1195.09
1202.22
1211.41
1213.38
1241.03
1255.19
1270.47
1310.59
1322.22
1325.69
1332.34
1353.34
1357.19
1363.38
1379.03
1382.50
1393.56
1401.06
1431.72
1465.19
1528.84
1539.72
1583.78
1599.62
1625.59
1642.09
1645.66
1667.59
1688.41
1723.47
1749.25
1764.53
1770.44
1797.25
1800.62
1825.38
1845.62
1869.44
1896.16
1898.69
1925.50
1956.16
2003.50
2011.38
2044.66
2075.31
2082.34
2097.91
2118.62
2135.22
2152.38
2169.25
2181.25
2210.69
