Dataset = Dnd Clemson; Detections given in seconds from start of data
71.88
79.09
81.25
86.03
89.97
99.72
102.91
138.34
144.44
154.47
161.97
176.97
181.56
188.69
197.59
213.44
218.31
233.41
250.47
254.41
270.34
307.84
335.50
345.44
353.22
358.00
361.94
375.81
389.22
403.28
406.28
419.12
451.56
466.84
471.06
477.91
488.88
494.88
500.03
511.47
525.25
546.44
558.72
561.25
567.53
570.62
577.94
580.19
593.22
599.03
608.78
611.03
615.25
624.25
635.31
653.03
663.06
670.00
676.94
696.81
698.97
702.81
708.44
713.78
718.28
728.41
735.81
749.78
774.72
784.00
808.75
821.12
827.31
835.84
843.44
846.44
857.69
864.25
874.84
890.88
897.34
900.06
914.03
922.56
925.09
928.84
938.22
948.81
955.00
970.28
984.25
989.97
993.06
999.34
1001.88
1007.69
1011.91
1017.34
1021.09
1056.53
1075.47
1081.56
1091.78
1094.59
1096.66
1099.56
1103.69
1113.91
1122.62
1128.62
1137.53
1157.31
1165.09
1183.00
1186.94
1205.41
1245.25
1303.84
1309.94
1316.88
1336.94
1344.25
1348.19
1362.06
1366.00
1373.97
1382.22
