Dataset = Dnd Clemson; Detections given in seconds from start of data
94.98
104.08
111.11
118.61
123.95
132.20
141.20
150.02
157.42
165.67
175.52
191.73
220.23
226.70
232.33
237.95
244.89
247.52
250.14
257.45
260.73
262.98
268.70
273.67
280.89
290.27
298.80
303.48
307.42
313.42
317.55
319.52
323.92
327.11
333.86
339.39
345.77
350.45
358.42
365.08
374.36
384.95
392.36
399.86
404.92
418.23
420.86
426.86
430.61
435.77
445.70
455.55
463.80
467.73
475.98
480.02
483.95
486.95
493.14
496.23
498.30
501.39
505.70
511.61
523.52
527.64
531.20
534.48
539.45
543.67
546.86
550.23
556.23
559.33
561.39
564.39
568.05
574.89
578.55
612.11
633.48
