Dataset = Dnd Clemson; Detections given in seconds from start of data
83.14
86.89
90.17
96.83
100.77
104.05
106.77
122.98
130.20
139.39
169.67
230.89
242.70
271.11
277.30
293.23
295.30
318.55
326.61
331.58
338.52
353.33
366.64
373.30
375.83
382.95
388.39
401.33
412.02
422.98
434.05
446.89
451.48
457.48
461.98
470.33
474.92
482.70
490.11
497.05
501.64
511.58
519.17
528.64
543.08
555.73
564.55
566.70
580.95
590.14
598.58
602.23
609.27
618.73
643.30
647.52
654.73
664.02
681.08
686.05
703.58
710.23
717.92
731.23
737.14
744.83
747.64
763.67
769.11
775.39
783.55
786.17
789.64
796.20
809.42
814.11
816.08
822.55
824.52
