Dataset = Dnd Clemson; Detections given in seconds from start of data
214.00
229.47
244.47
257.12
311.59
331.75
372.62
395.22
414.81
436.28
453.44
484.75
508.94
536.59
543.06
573.25
615.44
627.44
641.03
667.47
690.62
699.16
708.53
720.53
730.75
752.41
760.56
791.88
800.50
809.41
818.31
834.16
845.41
847.47
862.75
872.59
885.16
898.56
919.28
935.31
943.94
948.53
953.22
1135.00
1145.03
1150.28
1185.72
1210.00
1212.06
1224.16
1243.00
1252.19
1262.59
1275.44
1288.28
1304.12
1319.12
1330.09
1342.66
1359.06
1370.03
1384.56
1398.44
1406.88
1413.72
1417.38
1419.34
1424.59
1430.59
1437.25
1441.00
1450.38
1456.38
1466.41
1468.56
