Dataset = Dnd Clemson; Detections given in seconds from start of data
31.98
36.48
45.67
51.11
59.17
66.58
73.23
80.73
93.30
104.64
114.67
122.55
135.77
141.58
159.95
168.67
176.55
180.77
185.55
191.27
198.95
204.58
206.55
218.27
241.33
250.42
252.39
257.64
261.77
272.55
279.86
282.48
286.23
298.98
306.02
313.23
321.30
329.45
335.92
352.80
365.73
374.27
385.33
392.27
400.42
406.23
410.27
416.36
422.92
429.86
433.05
446.45
451.05
458.55
465.39
478.05
491.55
497.83
500.36
512.36
529.14
534.67
541.14
546.02
562.98
571.80
576.86
590.17
592.89
595.80
608.45
618.11
626.08
629.73
633.11
645.30
648.11
657.95
671.36
683.45
701.73
712.61
728.36
739.98
746.92
753.77
766.52
771.11
780.67
788.08
790.05
796.98
806.73
808.89
811.05
822.30
829.23
837.58
843.58
847.80
866.45
873.39
877.98
887.73
892.52
901.23
