Dataset = Dnd Clemson; Detections given in seconds from start of data
139.36
147.70
150.80
157.17
177.61
195.42
207.05
211.55
217.83
232.27
246.23
249.80
257.02
264.33
272.20
285.42
291.80
307.55
316.73
334.83
345.05
352.92
358.08
363.05
377.95
389.02
398.95
404.39
409.73
415.36
422.30
425.95
431.39
442.55
448.83
461.02
465.14
474.70
491.67
501.33
509.30
513.33
538.27
543.52
568.55
589.73
595.27
600.14
602.77
609.42
618.42
621.05
640.73
648.14
657.23
661.27
664.83
683.95
707.95
755.77
764.77
804.89
814.45
828.98
839.30
849.14
854.77
867.14
909.33
915.98
937.64
967.83
982.36
1022.30
1035.14
1040.95
1080.14
1082.48
