Dataset = Dnd Clemson; Detections given in seconds from start of data
93.14
119.77
124.36
134.58
141.52
170.67
183.89
193.27
204.98
218.77
234.05
246.70
269.30
276.05
284.30
289.27
302.02
322.08
330.89
361.73
385.08
399.70
416.58
430.17
435.89
442.92
452.30
464.77
477.33
489.23
509.02
522.89
538.73
551.86
579.23
581.58
644.39
655.73
688.73
735.61
791.86
815.20
837.98
848.30
855.05
913.64
918.23
921.05
934.27
955.92
962.30
978.80
1001.39
1024.64
1040.95
1081.92
1094.11
1123.45
1144.55
1155.98
1177.08
1192.64
1214.86
1224.98
1246.17
1254.14
1264.17
1270.45
1294.83
1305.33
1310.77
1337.58
1407.14
1416.23
1424.77
1433.11
1439.39
1449.42
1458.70
1533.70
1582.92
