Dataset = Dnd Clemson; Detections given in seconds from start of data
234.66
248.91
262.59
285.94
295.59
302.81
315.66
326.53
359.44
366.09
372.38
383.81
395.25
406.97
413.25
419.62
425.81
466.69
470.34
491.06
498.19
505.03
508.22
531.75
555.47
583.69
607.59
625.22
627.56
636.47
650.25
661.31
667.50
673.78
675.75
685.03
699.09
706.41
741.75
759.38
766.69
777.19
790.12
805.03
808.31
818.34
853.88
866.44
873.09
890.81
893.16
896.25
921.09
928.31
958.31
967.31
983.53
997.69
1009.31
1044.38
1066.12
1074.38
1108.78
1111.88
1131.94
1143.66
1154.62
1184.16
1229.72
1255.59
1261.22
1269.66
1295.25
1304.34
1312.31
1316.25
