Dataset = Dnd Clemson; Detections given in seconds from start of data
172.58
184.39
188.89
200.98
209.14
212.52
217.30
220.86
227.80
272.80
276.17
281.33
303.73
309.64
315.27
322.58
332.42
338.23
347.70
356.89
363.36
377.05
395.23
399.83
404.05
416.05
423.73
465.92
471.08
476.98
484.58
492.55
494.52
502.20
509.14
512.61
524.05
535.20
541.67
545.33
553.86
556.48
566.89
591.92
609.64
611.98
620.42
630.08
632.33
646.77
668.52
681.83
704.98
738.45
750.55
752.80
781.30
793.77
803.33
815.42
823.77
832.58
855.08
879.27
898.39
925.11
935.89
944.80
947.23
961.67
966.17
968.80
974.23
980.70
991.39
999.92
1020.17
1030.30
1040.61
1045.11
1048.02
1054.67
1058.52
1067.98
1071.08
1081.48
1086.92
1092.64
1099.77
1108.11
1117.58
1130.98
1138.67
1166.89
1171.67
1179.27
1187.61
1201.11
1207.67
1219.77
1232.70
1239.08
1256.33
1270.11
1279.02
