Dataset = Dnd Clemson; Detections given in seconds from start of data
32.64
48.20
57.11
67.42
91.14
93.39
101.17
106.23
119.17
122.73
126.86
136.05
141.02
145.89
147.86
152.83
177.02
182.27
189.39
199.23
202.61
223.52
228.95
240.48
248.92
262.80
266.27
271.52
278.36
280.42
292.98
299.83
307.23
312.67
340.33
362.17
367.42
384.67
401.83
411.77
422.73
424.98
448.61
453.67
459.58
464.64
470.64
479.45
513.11
529.89
561.39
565.05
581.08
584.64
594.02
620.92
633.86
643.70
654.67
668.27
677.92
685.80
699.77
703.61
722.45
732.58
756.58
768.86
776.36
782.36
799.33
812.73
825.95
835.14
855.58
862.61
865.05
870.77
927.77
944.55
955.14
968.27
1029.77
1032.02
1036.23
