Dataset = Dnd Clemson; Detections given in seconds from start of data
66.03
95.75
97.72
110.00
119.56
125.75
127.91
134.56
142.16
150.59
153.12
156.59
164.38
171.31
179.09
183.31
193.81
199.44
203.00
209.09
221.75
229.44
253.53
266.00
281.84
299.75
324.50
330.50
350.28
369.22
383.47
394.34
404.94
411.78
422.75
429.50
434.38
438.59
448.44
458.28
469.34
476.56
480.97
484.81
486.78
495.22
505.06
511.34
525.50
534.97
541.25
556.06
559.91
567.88
593.38
598.91
611.00
615.41
625.16
633.50
640.25
646.44
656.66
662.19
668.00
685.16
690.22
707.09
731.66
753.50
764.09
781.16
864.12
894.41
944.75
964.62
978.22
1040.56
