Dataset = Dnd Clemson; Detections given in seconds from start of data
245.30
252.98
259.08
266.39
290.86
299.86
311.20
313.17
331.55
421.92
426.80
450.42
508.55
512.58
527.77
545.02
550.55
569.67
598.27
643.73
720.52
729.42
744.14
760.64
770.11
774.98
777.61
793.36
847.92
856.36
862.27
872.11
882.05
893.95
911.30
921.52
926.48
937.08
971.95
979.73
993.80
1056.70
1066.27
1075.83
1090.27
1093.64
1104.33
1116.61
1140.98
1161.33
1183.27
1191.80
1198.64
1204.83
1209.33
1214.58
1230.23
1244.77
1256.30
1262.58
1272.98
1278.05
1287.23
1297.36
1314.70
1319.11
1336.17
1345.36
1350.89
1364.39
1380.42
1387.92
1393.45
1397.20
1400.39
1407.52
1409.86
1415.20
1418.11
1428.61
1446.23
1450.27
1466.11
1474.27
1487.95
1503.05
1521.61
