Dataset = Dnd Clemson; Detections given in seconds from start of data
315.19
448.69
460.69
465.47
469.69
492.75
502.41
507.19
509.44
513.19
520.41
538.12
562.03
613.41
621.09
646.31
661.50
673.59
703.88
715.88
721.31
726.84
735.38
743.62
745.69
748.69
757.31
767.16
772.50
787.12
793.22
798.19
805.69
809.34
825.47
830.72
839.91
852.84
855.94
859.69
863.53
883.69
893.53
898.03
909.09
918.09
924.47
940.12
956.53
964.22
971.34
979.88
985.97
994.12
998.91
1004.81
1011.94
1018.31
1021.03
1029.66
1037.62
1040.81
1048.97
1054.88
1058.06
1060.12
1083.38
1094.34
1096.59
1119.56
1132.50
1136.91
1144.69
1146.66
1191.75
1231.50
1233.66
1245.56
1265.44
1267.88
1297.03
1301.44
1319.91
1333.22
1352.44
1358.16
1363.59
1402.03
1414.31
1427.44
1458.09
1475.25
1481.25
1484.53
1497.19
1515.75
1530.19
1536.09
1541.72
1546.03
1554.09
1566.09
1577.34
1586.06
1594.69
1602.28
1606.97
1613.34
1616.44
