Dataset = Dnd Clemson; Detections given in seconds from start of data
207.91
220.66
223.84
235.84
244.94
410.50
442.00
449.78
468.25
474.91
478.84
491.03
513.72
520.00
533.97
537.62
543.81
564.06
571.94
585.81
595.28
597.53
601.38
614.50
626.97
639.06
660.06
672.06
695.97
699.91
720.06
735.53
739.66
755.78
757.84
782.78
793.47
802.66
816.53
830.41
854.50
869.41
882.72
891.81
932.50
949.00
983.22
996.34
1013.31
1035.62
1048.75
1051.09
1066.38
1069.38
1081.84
1088.41
1115.31
1130.12
1132.28
1144.19
1181.31
1200.34
1202.78
1206.34
1217.50
1225.00
1230.25
1252.28
1261.56
1266.81
1272.16
1294.28
1320.25
1326.44
1347.91
1351.09
1372.84
1399.28
1408.38
1416.91
1435.56
1478.03
1492.28
1496.12
1519.75
1521.72
1546.00
1551.34
1556.41
1579.56
1582.94
1590.16
1594.38
1604.31
1620.16
1624.09
1667.88
1676.78
1691.78
1700.97
1715.31
1724.50
1735.28
1737.25
1746.53
1752.53
1765.75
1773.34
1786.94
1792.47
1795.56
1800.25
1803.34
1824.62
