Dataset = Dnd Clemson; Detections given in seconds from start of data
98.95
119.39
130.08
138.33
142.55
146.86
154.64
159.05
163.83
178.64
191.30
206.39
222.89
240.42
262.45
271.83
282.98
293.48
297.14
302.20
307.17
314.39
317.48
338.95
353.48
359.39
365.02
368.67
372.52
388.08
401.58
412.83
420.14
426.61
433.08
446.20
453.98
466.92
479.39
481.55
490.73
492.89
498.61
503.48
508.36
521.11
523.17
531.70
539.11
543.98
558.33
560.30
578.30
588.42
600.52
619.17
634.08
642.98
647.20
650.20
660.80
663.42
665.86
683.58
686.86
692.86
698.02
707.77
721.64
729.98
742.45
758.95
777.33
782.95
796.73
803.58
814.36
820.45
825.98
836.48
848.77
862.83
874.27
881.77
884.95
895.64
902.02
908.11
918.80
931.73
935.20
939.14
948.61
955.08
966.98
971.86
983.58
1007.67
