Dataset = Dnd Clemson; Detections given in seconds from start of data
242.33
256.77
264.92
274.95
306.73
319.67
333.64
348.55
350.52
355.02
376.95
383.42
401.98
418.58
436.95
445.20
451.77
460.77
471.55
491.33
499.20
509.98
520.48
537.17
551.42
563.23
581.14
589.48
594.17
604.20
625.48
629.14
643.58
647.42
655.86
679.95
684.64
700.86
724.77
738.17
746.80
756.92
765.17
773.14
785.52
795.17
824.14
829.95
837.92
862.20
892.86
909.92
925.67
939.27
952.30
963.92
973.67
1022.98
1051.20
1055.33
1060.02
1072.20
1139.23
1142.80
1165.86
1173.55
1182.64
1187.70
1219.86
1236.36
1248.92
1260.55
1280.52
1299.55
1303.39
1314.55
1331.80
1347.27
1352.80
1384.95
1396.20
1404.64
1413.73
1452.55
1455.36
1458.27
1498.67
1508.80
1517.70
1525.30
1527.45
1536.92
1560.55
1644.08
1751.05
