Dataset = Dnd Clemson; Detections given in seconds from start of data
212.61
220.39
228.27
248.61
273.55
284.98
290.80
296.23
310.86
319.77
334.11
337.20
348.36
356.80
382.77
395.89
460.02
464.61
475.39
483.17
493.58
497.70
516.92
538.95
544.39
560.70
571.39
577.58
596.33
619.48
647.33
649.30
681.73
706.86
742.20
754.48
759.27
781.58
787.39
800.33
806.80
826.58
835.77
844.77
855.73
862.39
896.33
902.80
916.39
931.02
947.89
962.42
970.58
977.23
982.48
991.30
1007.23
1018.11
1027.67
1031.33
1049.14
1057.20
1081.11
1090.20
1104.27
1117.30
1127.89
1144.30
1146.36
1158.45
1170.73
1178.89
1183.95
1196.61
1204.86
1222.39
1236.64
1249.58
1251.64
1285.02
1298.98
1306.58
1318.02
1336.39
1343.42
1345.67
1350.83
1353.92
1363.11
1376.23
1385.33
1392.64
1395.27
1442.70
1460.61
