Dataset = Dnd Clemson; Detections given in seconds from start of data
112.38
123.53
138.16
172.19
185.88
214.56
237.62
242.78
244.94
265.75
272.03
277.66
293.78
301.19
306.62
336.91
339.53
345.91
354.25
361.38
365.69
368.50
377.97
380.12
407.69
412.94
435.06
447.91
487.47
490.66
496.75
509.97
539.59
563.03
571.09
580.19
590.69
593.97
601.66
614.22
623.03
627.72
651.06
666.34
668.78
671.69
693.25
700.00
702.81
706.00
718.00
732.34
743.78
753.72
764.78
773.50
778.09
780.91
783.44
791.50
802.56
804.62
808.56
813.16
821.50
825.25
851.50
857.03
862.94
875.12
884.31
887.88
898.00
908.88
911.12
930.72
937.19
944.22
948.91
956.50
969.81
983.31
987.72
1001.22
1010.41
1012.56
1019.88
1024.09
