Dataset = Dnd Clemson; Detections given in seconds from start of data
133.91
144.88
147.69
153.12
164.94
192.97
203.28
244.91
274.72
279.31
297.41
315.97
318.97
326.38
329.94
333.69
341.09
344.84
363.88
368.56
373.72
398.09
406.72
441.59
459.59
467.75
486.69
517.34
530.00
536.94
553.91
555.88
559.53
640.16
667.91
703.81
712.91
728.47
733.16
736.53
738.50
745.06
766.06
776.00
811.16
822.78
856.16
869.28
875.28
890.84
903.69
913.53
918.12
920.66
956.00
960.41
964.62
967.53
980.94
984.78
997.25
1007.38
1009.53
1018.62
1020.59
1036.16
1043.09
1060.62
1065.12
1071.31
1077.12
1085.19
1088.66
1092.31
1094.47
1098.59
1101.97
1113.59
