Dataset = Dnd Clemson; Detections given in seconds from start of data
145.31
162.56
205.41
230.34
239.53
250.41
264.56
331.59
348.84
359.44
409.31
424.78
437.16
472.69
523.59
532.22
548.16
559.59
567.66
585.38
595.41
605.34
613.88
619.31
640.59
649.78
653.06
661.12
664.03
673.41
687.38
690.56
701.44
712.59
721.41
726.94
730.78
739.97
759.94
764.25
767.81
794.53
803.06
806.06
816.84
823.69
833.62
839.34
850.97
857.62
866.62
876.19
888.47
898.22
907.03
915.38
941.44
955.78
965.62
973.97
983.91
990.56
999.66
1019.62
1035.56
1047.47
1057.78
1070.44
1073.91
1086.47
1091.53
1096.88
1101.66
1108.41
1116.19
1129.41
1139.16
1145.06
1162.78
1177.78
1192.41
1225.59
1238.25
1258.31
1270.97
1276.31
1287.84
1308.19
1324.78
1329.56
1349.72
1362.66
1378.97
1429.50
1462.97
1485.56
1492.59
1498.50
1512.00
1545.09
1552.50
1578.84
1589.81
1616.44
1627.50
1642.78
1648.59
1675.22
1683.19
1694.06
1696.88
1720.41
1726.22
1729.41
1747.69
1752.75
1762.97
1770.66
