Dataset = Dnd Clemson; Detections given in seconds from start of data
79.41
103.97
111.94
114.28
122.53
137.81
157.22
178.31
208.03
297.28
299.62
310.97
320.62
335.06
344.81
353.16
356.06
368.62
373.69
377.34
380.16
396.00
406.69
415.97
426.75
464.81
469.31
489.19
496.12
503.25
512.44
517.31
519.38
529.78
532.31
536.25
548.53
552.00
554.34
563.81
571.03
574.31
582.75
591.00
610.59
619.88
632.72
634.69
641.62
644.34
648.75
664.59
677.81
681.84
687.38
691.03
693.66
705.56
712.69
729.38
732.66
745.03
760.88
790.22
796.41
817.78
826.97
840.94
846.28
859.88
897.47
908.06
921.56
932.25
953.16
958.50
961.12
966.75
971.34
1005.09
1008.56
1015.50
1019.53
1022.25
1025.34
1031.62
1035.28
1043.25
1048.69
