Dataset = Dnd Clemson; Detections given in seconds from start of data
75.47
109.69
134.25
165.19
167.16
174.09
202.41
207.19
226.41
229.69
301.31
310.78
355.97
372.09
423.19
451.12
466.69
497.34
503.72
511.12
524.25
543.09
554.16
560.34
590.34
617.16
627.75
631.41
669.84
705.00
714.38
743.81
766.97
771.09
774.09
782.16
786.47
801.75
827.72
834.09
836.06
854.34
873.56
881.44
899.25
925.97
935.91
942.38
964.69
972.28
975.19
979.50
986.44
995.16
1012.69
1017.00
1026.94
1042.03
1047.19
1074.19
1080.66
1084.59
1105.03
1122.94
1127.06
1131.47
1151.25
1165.12
1177.88
1203.38
1207.22
1213.22
1220.44
1254.19
1274.62
1288.69
1291.50
1307.62
1322.34
1330.22
1353.38
1369.78
1426.03
1441.88
