Dataset = Dnd Clemson; Detections given in seconds from start of data
95.17
100.14
106.42
112.42
116.27
119.92
122.55
127.05
139.33
141.30
151.23
154.23
162.02
171.77
180.77
186.67
194.64
198.95
208.98
214.52
221.83
227.64
234.02
239.27
248.64
252.95
268.61
279.11
297.48
304.98
312.02
316.61
324.95
327.11
335.83
345.77
356.27
359.92
366.95
370.80
384.67
390.67
393.02
454.23
460.70
526.33
544.61
553.33
555.67
579.95
588.77
591.58
593.55
602.45
607.61
629.55
639.58
665.27
673.33
685.98
697.23
706.89
713.83
715.89
720.86
728.45
738.20
745.23
757.80
767.64
774.02
786.39
805.33
813.58
817.42
832.05
847.52
875.92
887.08
897.95
913.98
927.11
936.95
939.67
954.67
957.95
960.95
964.33
975.48
982.23
984.30
