Dataset = Dnd Clemson; Detections given in seconds from start of data
36.52
65.20
74.11
85.55
98.20
105.70
160.45
189.52
198.14
202.08
208.45
215.58
219.52
225.42
232.27
234.52
243.89
252.70
271.55
278.39
282.61
288.23
292.36
299.48
309.33
315.70
321.33
325.27
332.20
334.17
342.05
355.45
365.20
372.89
377.39
383.48
386.86
398.30
401.11
415.45
421.73
435.98
443.20
446.86
459.14
470.77
478.36
490.45
494.77
500.77
511.17
528.52
544.17
559.45
564.14
567.89
572.20
576.05
584.77
593.30
600.23
605.20
612.42
617.39
628.17
636.33
640.83
643.73
647.86
650.77
661.27
665.02
671.20
675.33
677.39
680.86
683.95
688.27
696.05
711.80
741.14
749.58
756.80
768.61
778.73
784.17
790.36
