Dataset = Dnd Clemson; Detections given in seconds from start of data
140.62
145.50
166.69
181.78
202.78
289.69
296.34
303.47
311.16
324.38
328.22
332.34
350.25
357.09
360.84
377.72
390.75
398.91
401.72
428.16
439.59
442.03
450.84
478.88
488.81
495.38
500.72
505.97
519.56
524.25
532.12
552.19
593.25
599.91
612.09
620.16
635.53
663.47
670.31
709.41
760.22
783.75
785.72
816.28
828.94
838.59
852.19
898.97
929.16
934.97
955.12
979.41
994.22
1032.19
1040.16
1045.31
1097.06
1102.03
1106.91
1113.00
1126.12
1145.81
1148.06
1150.97
1169.91
1224.47
1240.31
1252.22
1274.81
1291.97
1296.19
1306.31
1329.28
1343.91
1347.00
1367.62
1369.78
1390.41
1393.88
1399.12
1423.50
1444.22
1452.84
1460.81
1472.72
1493.72
1506.00
1517.34
