Dataset = Dnd Clemson; Detections given in seconds from start of data
43.52
47.83
58.14
67.52
86.64
101.08
104.45
111.58
115.14
122.83
132.67
136.33
149.83
157.42
161.64
166.42
177.67
180.11
192.48
198.58
203.08
209.83
227.17
229.80
242.55
246.77
270.95
282.02
286.14
300.67
308.64
317.83
324.86
331.89
338.64
351.77
355.70
368.27
378.11
382.33
392.36
399.11
403.70
409.89
426.67
438.58
443.45
446.73
451.42
454.42
460.70
466.42
468.77
475.23
482.45
491.73
498.02
508.05
513.77
538.23
552.20
560.83
574.80
577.23
584.45
592.33
607.14
610.33
618.20
620.55
628.61
647.64
664.42
668.36
672.39
679.14
682.89
690.48
695.27
698.55
714.20
