Dataset = Dnd Clemson; Detections given in seconds from start of data
134.81
144.00
147.00
153.19
186.66
194.34
198.09
206.25
211.12
231.47
237.47
248.06
253.31
262.97
267.19
274.59
280.78
288.09
293.44
302.62
306.28
310.31
318.09
325.22
333.94
336.09
345.94
351.28
357.56
370.22
377.53
383.34
396.00
398.72
400.78
405.00
410.06
412.50
421.97
426.75
436.78
445.88
454.22
458.25
466.22
480.00
484.69
504.66
546.66
559.22
563.34
566.91
574.31
579.75
589.69
595.69
600.19
621.09
625.03
628.69
634.78
645.00
649.97
656.44
659.25
663.47
672.66
681.66
689.44
696.47
709.97
718.59
721.22
736.12
738.56
743.53
750.66
760.31
762.28
782.06
790.12
800.53
807.66
813.09
818.72
832.50
842.91
845.44
851.16
857.44
859.69
872.72
875.06
882.84
908.81
913.88
917.34
919.59
924.38
932.16
946.22
966.47
979.12
999.47
1028.91
1066.31
