Dataset = Dnd Clemson; Detections given in seconds from start of data
93.42
103.17
119.58
128.39
131.48
140.67
148.64
151.17
167.58
177.89
187.27
198.61
218.20
229.92
234.14
251.48
259.64
266.11
278.02
296.20
299.77
310.73
335.30
348.61
361.64
364.55
372.23
385.36
395.48
402.33
423.98
433.36
437.02
450.05
461.86
468.52
471.33
488.86
495.89
509.48
520.36
538.55
575.02
598.92
613.27
625.64
641.30
665.20
676.73
704.77
715.64
729.70
749.02
753.52
756.98
768.23
801.33
815.39
820.08
828.89
835.27
839.48
849.14
857.67
864.23
877.64
889.73
901.83
912.80
921.80
930.23
942.61
948.23
965.20
971.30
982.08
987.05
992.58
1007.20
1010.67
1029.70
1036.92
1043.02
1048.45
1057.45
1064.67
1081.92
1085.02
1089.98
1099.64
1107.80
1110.61
1114.55
1121.67
1128.80
1131.23
1135.64
1139.30
1148.77
1160.67
