Dataset = Dnd Clemson; Detections given in seconds from start of data
45.30
63.86
78.48
90.02
108.20
182.73
210.39
228.20
244.14
260.45
275.64
289.33
306.20
314.08
339.77
352.14
376.89
398.45
436.14
453.86
467.45
489.30
501.11
516.77
534.30
545.36
558.77
572.36
583.42
598.89
623.36
645.58
657.11
671.36
685.61
699.77
712.89
733.33
742.14
852.30
885.30
901.33
907.05
927.39
990.20
997.05
1005.95
1023.58
1044.11
1071.95
1087.98
1094.08
1107.67
1128.11
1143.30
1152.77
1160.64
1165.33
1179.11
1186.23
1199.55
