Dataset = Dnd Clemson; Detections given in seconds from start of data
146.22
157.47
178.19
184.47
192.53
221.12
285.62
300.34
309.16
342.62
347.41
359.69
365.22
375.16
379.09
385.84
397.47
403.84
433.47
441.34
462.06
466.00
476.78
487.56
494.59
506.41
517.66
533.97
545.03
555.53
562.28
587.69
590.50
593.31
599.88
614.22
639.91
660.06
684.44
699.62
705.44
712.94
738.72
755.88
768.06
774.81
779.88
796.00
809.88
841.19
855.25
868.38
873.53
879.72
904.47
914.97
932.59
949.94
972.91
980.97
984.91
1008.81
1012.38
1018.75
1026.16
1033.84
1039.19
1051.75
1053.91
1070.03
1088.22
1107.81
1117.38
1127.31
1136.31
1141.09
1144.28
1149.53
1154.41
1181.03
1187.50
1197.16
1203.72
1263.62
1294.47
1301.69
1305.34
1362.25
1367.50
1382.41
