Dataset = Dnd Clemson; Detections given in seconds from start of data
34.50
38.62
43.50
94.41
161.34
177.47
188.06
201.38
210.75
219.00
233.91
239.81
251.62
255.09
264.84
285.00
288.84
295.31
314.34
322.12
326.34
343.12
353.53
358.69
367.50
375.00
377.06
387.09
390.75
396.75
401.91
407.44
422.44
462.00
469.59
475.69
484.50
491.06
498.28
516.19
533.62
559.78
563.62
569.53
580.59
627.00
630.56
636.75
638.81
669.38
701.25
720.09
726.00
743.81
769.41
786.94
805.03
820.22
834.56
836.72
871.97
889.97
913.31
921.28
932.53
943.03
950.53
961.12
972.19
977.53
1006.41
1009.78
1022.62
1057.59
1068.66
1089.94
1093.50
1117.12
1119.75
1147.12
1153.50
1180.03
1188.56
1190.62
1208.91
1229.44
1242.47
1254.56
1258.97
1319.72
1341.00
1356.28
1364.16
