Dataset = Dnd Clemson; Detections given in seconds from start of data
212.92
219.48
233.45
250.61
264.39
269.73
274.80
284.08
362.64
373.14
394.05
409.42
412.80
423.02
428.08
437.27
451.05
453.95
463.70
476.92
491.45
503.92
507.39
515.17
524.08
528.95
538.61
555.20
564.39
579.30
599.45
608.27
639.58
657.48
676.89
690.30
699.48
712.80
714.77
727.61
734.17
752.83
764.83
769.52
779.36
793.70
802.98
812.83
820.70
825.86
833.45
836.45
880.89
890.17
909.86
914.64
936.48
938.45
947.64
963.77
986.55
1015.80
1021.52
1043.92
1052.55
1069.61
1083.11
1089.30
1097.08
1116.02
1171.23
1176.77
1219.61
1255.98
1259.55
1271.64
1277.64
1416.48
