Dataset = Dnd Clemson; Detections given in seconds from start of data
239.92
294.58
304.52
314.55
337.80
375.30
387.58
390.20
395.27
403.89
409.23
420.48
439.42
442.33
456.58
472.14
492.39
497.83
514.05
533.64
546.02
568.42
591.77
646.23
649.33
680.08
708.95
732.20
766.98
786.58
806.17
816.58
828.11
843.67
849.02
884.64
893.45
927.20
934.23
953.17
961.14
969.39
980.08
982.23
1024.33
1047.20
1054.89
1066.61
1073.64
1080.02
1090.80
1106.27
1115.73
1125.20
1137.02
1151.17
1166.73
1180.42
1202.08
1215.11
1223.83
1260.95
1269.48
1285.14
1300.98
1320.67
1337.55
1356.86
1384.33
1396.61
1404.20
1419.67
1442.17
1462.23
1478.08
1499.45
1512.77
1539.95
1553.73
1564.33
1576.61
1579.14
