Dataset = Dnd Clemson; Detections given in seconds from start of data
55.38
61.19
66.81
69.72
72.44
77.50
84.91
89.31
95.69
103.47
110.22
118.09
124.94
134.97
139.47
157.28
164.88
171.44
179.97
188.88
199.38
207.44
210.91
214.19
220.47
224.31
226.66
234.06
238.56
257.69
265.56
267.72
277.28
296.50
300.53
303.91
308.22
314.03
316.56
319.66
324.81
327.53
331.28
335.31
339.62
345.06
347.03
350.12
355.19
358.38
361.84
364.66
367.75
373.38
378.53
383.97
386.12
395.03
398.97
401.22
404.69
408.16
412.19
415.19
419.78
424.47
430.56
435.91
440.97
465.81
468.91
474.81
485.31
502.38
510.72
525.34
549.16
551.41
569.31
589.66
593.31
616.28
632.78
635.69
639.06
658.66
670.75
681.62
697.28
709.75
722.78
724.75
736.38
747.62
749.88
754.66
757.66
764.12
768.81
770.78
774.16
777.53
787.84
796.19
804.44
810.62
816.16
823.66
830.59
838.00
842.88
845.31
849.72
