Dataset = Dnd Clemson; Detections given in seconds from start of data
118.03
155.25
177.00
181.41
223.03
247.69
258.38
276.38
287.72
304.31
316.41
320.72
329.72
352.41
370.88
379.59
434.16
436.88
439.03
441.00
454.97
457.12
477.28
483.28
491.25
493.50
502.50
523.69
532.22
553.22
594.38
665.91
682.59
710.81
725.44
728.53
744.19
755.81
763.88
783.66
797.34
818.72
828.19
833.25
839.53
854.91
857.81
887.81
902.72
921.66
935.72
946.41
957.38
967.78
981.47
990.47
1007.16
1034.81
1051.03
1061.53
1079.72
1092.19
1112.25
1126.69
1134.47
1148.25
1152.56
1167.84
1176.75
1199.25
1218.38
1226.44
1228.41
1244.62
1274.81
1278.47
1285.12
1292.53
1299.75
1320.66
1332.56
1340.53
1353.00
1374.56
1395.09
1397.34
1407.94
1417.41
1426.97
1436.62
1441.03
1449.38
1467.00
