Dataset = Dnd Clemson; Detections given in seconds from start of data
77.03
97.19
109.47
113.31
148.09
179.22
216.53
229.47
252.25
257.78
269.22
289.75
310.47
328.28
353.03
363.25
365.50
371.69
405.34
441.16
463.75
500.41
533.50
542.50
557.31
570.44
586.38
602.59
619.47
630.53
636.53
641.31
652.38
659.12
677.31
702.91
706.09
730.28
759.06
772.84
780.16
783.81
791.97
794.59
798.16
815.88
836.50
846.06
849.53
853.19
855.34
870.34
874.94
910.19
927.34
958.75
965.03
969.72
973.94
987.44
1002.62
1021.84
1027.56
1054.00
1056.06
1066.75
1075.19
1096.00
1099.19
1103.31
1111.56
1118.31
1148.41
1163.12
1172.50
1199.50
1216.66
1235.97
1240.56
1246.28
1269.16
1276.38
1298.59
