Dataset = Dnd Clemson; Detections given in seconds from start of data
32.56
39.59
44.94
61.16
71.00
77.38
89.66
94.91
107.84
120.78
123.03
131.19
134.56
139.62
143.66
154.16
156.88
171.59
181.44
183.69
187.72
193.62
200.47
215.19
217.44
225.78
228.88
241.53
249.12
312.78
318.12
323.66
327.41
334.62
348.12
358.81
379.81
384.41
389.66
397.62
404.00
423.41
436.06
459.59
473.00
495.12
526.72
530.75
538.16
545.75
553.06
583.44
601.34
616.81
623.56
631.06
641.19
655.72
658.34
675.22
691.16
696.59
704.47
709.72
714.31
733.44
739.06
748.72
755.09
767.66
773.75
787.62
801.41
810.22
818.19
825.97
850.91
858.22
863.75
872.75
878.19
1002.78
1009.62
1023.97
1037.19
1055.09
1070.47
1084.81
1093.62
1108.44
1128.03
1157.94
1179.78
1200.12
1212.78
1222.44
1241.84
1253.84
1269.78
1277.00
1286.28
1292.28
1299.22
1310.84
1319.47
