Dataset = Dnd Clemson; Detections given in seconds from start of data
256.20
262.11
270.92
286.58
297.36
311.70
360.92
366.27
383.80
401.80
406.39
418.86
495.45
521.05
545.23
555.17
562.20
593.05
622.58
636.36
647.98
686.89
704.05
727.86
739.20
764.52
777.36
788.70
813.08
823.11
826.02
834.36
843.64
860.80
874.58
907.67
909.83
955.20
959.52
966.73
998.80
1007.61
1048.67
1055.52
1063.20
1084.48
1095.73
1133.33
1186.30
1190.80
1195.58
1204.39
1213.02
1217.61
1230.08
1237.20
1255.20
1263.17
1279.11
1283.80
1296.64
1299.55
1317.36
1325.98
1328.89
1337.42
1348.02
1360.58
1372.86
1380.36
1391.42
1402.39
1418.42
1427.52
1438.86
1448.98
1460.70
1473.17
1481.70
1485.27
1521.55
1535.42
1544.42
1549.58
1553.70
1575.08
1595.89
