Dataset = Dnd Clemson; Detections given in seconds from start of data
118.11
126.73
128.98
135.92
169.11
174.08
176.23
188.05
196.67
215.70
232.39
243.83
249.45
256.86
260.70
266.52
273.17
291.45
295.02
305.80
317.70
320.05
324.45
329.61
332.61
353.23
362.89
404.61
432.92
436.58
443.89
446.14
453.64
478.58
481.77
485.33
492.73
499.30
512.70
518.61
520.58
523.77
526.11
531.83
535.02
542.14
547.02
559.30
569.80
575.98
578.14
583.30
594.92
602.05
608.05
620.33
632.14
636.08
652.39
665.70
667.67
708.27
719.61
723.55
733.67
735.64
742.48
754.77
756.92
771.27
778.67
789.73
801.73
807.92
812.23
821.61
824.05
827.42
843.55
