Dataset = Dnd Clemson; Detections given in seconds from start of data
38.39
42.33
45.23
50.77
62.67
66.52
76.36
82.45
92.02
101.20
110.39
114.61
119.67
128.20
130.83
133.55
142.45
145.17
147.52
150.80
155.48
160.45
170.39
175.55
183.23
186.80
189.33
194.20
199.55
203.67
207.05
209.95
212.02
216.89
222.52
225.05
228.70
239.67
265.45
270.42
277.92
290.20
292.45
299.02
312.52
322.36
331.36
338.48
347.30
352.83
357.61
363.70
373.92
383.86
389.86
399.98
403.83
406.27
413.58
416.77
422.67
428.39
432.61
444.89
451.92
458.86
464.48
469.36
471.52
473.86
476.77
485.20
488.86
491.67
494.67
497.02
500.20
503.30
505.92
508.36
512.58
523.73
526.27
534.89
550.27
554.67
559.36
562.83
570.61
573.80
578.67
584.39
589.45
597.61
604.45
612.05
624.70
631.83
645.70
648.05
651.70
659.86
670.27
678.33
683.86
693.14
695.58
703.64
711.33
717.33
736.45
742.83
749.95
757.92
762.98
776.11
779.67
788.30
793.36
795.42
805.83
810.42
823.73
834.42
838.45
848.58
861.61
871.92
876.23
884.11
887.30
902.20
911.39
917.11
924.61
959.48
962.58
969.23
972.52
