Dataset = Dnd Clemson; Detections given in seconds from start of data
53.81
63.56
73.03
89.44
124.03
138.09
155.06
171.09
183.09
185.25
196.78
228.47
244.69
254.34
263.44
293.91
299.62
307.22
330.19
332.44
382.22
388.12
393.75
408.94
437.81
464.91
478.97
493.59
499.03
503.06
515.91
532.97
536.25
539.91
554.62
562.88
567.94
585.66
597.84
607.59
621.38
642.09
648.38
661.41
668.44
670.78
678.28
686.06
696.84
705.94
725.91
734.06
743.53
764.25
769.69
781.88
790.78
801.75
809.72
819.28
823.41
829.22
857.53
884.91
907.59
938.72
968.81
1035.00
1054.41
1064.81
1084.78
1112.62
1130.53
1164.84
1173.09
1188.75
1193.91
1206.56
1237.03
1239.28
1276.69
