Dataset = Dnd Clemson; Detections given in seconds from start of data
263.78
276.25
288.81
313.19
341.12
361.94
380.50
392.41
403.56
411.72
423.53
433.94
452.50
466.94
478.47
495.25
515.22
532.94
545.12
555.25
581.41
603.62
641.03
670.19
682.75
701.50
710.78
715.38
727.00
742.28
787.84
799.00
809.69
828.25
848.59
861.81
865.84
878.22
889.09
899.41
908.88
916.75
921.44
938.59
944.22
948.16
952.19
956.78
967.28
995.59
1017.34
1042.75
1060.28
1086.16
1096.19
1104.34
1110.53
1117.38
1124.22
1129.66
1135.47
1144.84
1151.41
1156.94
1160.59
1170.06
1175.12
1181.31
1184.78
1191.72
1197.34
1201.19
1204.75
1214.50
1234.56
1245.81
1250.88
1262.50
1279.19
1294.75
1301.41
1311.72
