Dataset = Dnd Clemson; Detections given in seconds from start of data
41.06
46.59
52.59
58.31
66.66
87.19
104.44
108.09
116.91
124.78
134.91
140.34
148.22
152.16
156.47
175.78
180.94
184.22
213.09
227.81
241.97
244.31
255.00
261.75
268.03
283.88
314.62
324.00
330.56
334.97
343.41
362.25
374.62
380.91
392.34
401.44
408.09
417.56
427.78
437.53
446.25
463.69
473.44
484.69
495.75
506.81
514.50
529.41
543.28
553.03
565.50
579.66
590.72
600.75
614.34
627.09
633.09
643.41
657.47
661.31
673.50
683.44
688.22
693.19
696.47
708.75
717.00
719.53
725.34
735.84
745.50
768.38
774.28
782.16
787.12
812.62
843.28
861.75
865.69
879.28
884.16
889.78
902.06
917.06
920.62
928.22
936.56
943.31
981.38
988.22
993.84
999.47
1002.19
1010.44
1019.91
1026.84
1031.62
1033.88
1038.38
1043.53
1051.41
1059.19
1063.97
1082.16
1088.91
1100.25
1106.25
1109.06
1116.09
1119.84
1131.47
1138.69
1146.47
1155.00
1156.97
1164.66
1174.50
1179.84
1186.31
1191.66
1206.00
1214.81
1221.75
1224.47
1227.38
1235.62
1241.34
1248.66
1252.97
1255.31
1261.97
1267.69
1270.59
1273.97
1279.50
1283.44
1289.25
1300.69
1303.50
1317.38
