Dataset = Dnd Clemson; Detections given in seconds from start of data
194.44
204.75
210.00
218.16
221.91
224.62
252.47
257.81
261.19
270.94
275.81
325.50
331.97
334.12
337.88
357.66
361.78
364.22
392.16
398.72
405.09
417.28
431.91
439.31
464.62
473.81
482.81
496.22
500.44
512.72
528.56
534.09
537.84
540.84
547.88
550.12
552.38
567.94
571.78
574.97
577.41
580.41
591.75
598.69
604.03
606.19
620.72
628.03
630.09
648.84
664.59
670.12
678.56
685.03
700.88
705.75
709.12
718.59
721.78
727.03
773.81
783.09
785.91
789.66
793.78
799.41
806.91
839.91
842.91
845.81
861.09
870.94
872.91
875.44
885.84
890.16
893.44
897.00
915.38
935.34
938.16
953.25
965.06
968.06
979.22
982.88
986.25
995.72
1003.03
1008.09
1010.62
1023.00
1034.53
1039.03
1042.59
1046.53
1050.75
1070.91
1079.91
1083.28
1088.53
1100.81
1113.66
1118.91
1129.41
1138.78
1151.34
1167.38
1173.56
1188.00
1202.44
1213.22
1225.31
1228.22
1231.03
1235.16
1238.62
1242.94
1252.12
1271.81
1307.06
1309.22
1312.78
1323.28
1327.88
1332.38
1353.94
1358.62
1361.72
1367.72
1371.66
1385.06
1396.69
1433.16
1438.59
1462.78
1488.56
1490.91
1494.56
1509.19
1533.47
1550.62
1552.97
1554.94
1575.00
1588.78
1591.31
1594.50
1599.28
1601.81
1616.34
1625.53
1628.53
1643.25
1701.00
1705.78
1720.12
1723.97
1726.22
1730.34
1732.41
