Dataset = Dnd Clemson; Detections given in seconds from start of data
312.38
325.88
339.84
347.34
354.84
363.66
376.31
380.34
391.97
396.09
404.72
413.81
421.78
436.69
442.12
456.28
463.12
470.72
478.31
495.94
503.34
520.50
542.34
561.38
565.59
584.91
588.38
607.03
613.41
618.84
623.53
652.69
675.19
680.16
685.78
700.59
715.03
720.75
734.53
739.97
759.19
762.47
792.09
795.19
812.72
830.25
843.00
857.72
860.72
875.81
885.47
902.81
914.16
929.34
931.31
952.69
966.19
987.28
1003.88
1021.59
1035.47
1071.09
1088.25
1113.28
1118.81
1130.91
1138.97
1150.50
1181.06
1209.00
1244.06
1267.31
1269.47
1279.78
1292.72
1330.31
1346.34
1410.28
1621.03
1632.19
1668.28
1689.56
1718.16
1737.75
1795.31
1852.12
1866.38
1874.81
1920.84
1935.47
1959.09
1969.97
1975.12
1993.78
2017.41
2020.22
2034.47
2076.66
2110.88
2130.09
2178.66
2200.88
2210.72
2220.66
2234.81
2239.03
2258.16
2263.31
2276.16
2283.75
2306.81
2321.81
2336.06
2356.69
2359.41
2361.47
2376.66
2414.81
2427.00
2445.00
2449.31
2475.47
