Dataset = Dnd One-Hand OREBA; Detections given in seconds from start of data
46.59
66.28
69.75
95.91
98.06
105.94
134.91
159.47
194.81
206.81
242.91
258.00
264.47
281.62
283.59
307.69
315.00
317.25
334.69
353.62
359.62
376.12
397.31
400.78
417.28
420.19
437.25
473.06
497.34
501.94
508.59
510.56
526.03
539.44
546.84
558.84
560.91
574.31
580.31
600.94
620.16
640.50
652.78
654.75
674.72
676.78
683.34
695.44
697.88
713.91
806.81
836.34
843.94
849.38
861.28
865.88
871.69
874.03
880.31
882.66
885.56
898.31
900.66
903.66
924.75
929.91
940.88
947.16
1000.59
1010.91
1020.47
1038.66
1042.03
1047.28
1086.00
1090.88
1100.81
1106.91
1110.28
1118.06
1127.44
1133.16
1136.81
1154.16
1246.12
1248.19
