Dataset = Dnd One-Hand OREBA; Detections given in seconds from start of data
41.06
64.03
74.44
94.03
99.00
111.94
125.25
145.31
192.75
208.59
220.31
234.75
274.97
296.81
312.75
319.41
330.75
347.53
358.59
364.41
380.81
389.91
396.94
400.97
408.38
411.84
414.38
422.53
440.44
470.62
490.59
495.94
498.84
505.22
517.88
528.19
550.03
555.94
565.41
567.84
571.69
583.03
596.62
601.22
609.75
615.38
627.66
635.25
641.62
651.47
663.09
673.50
676.69
693.38
699.94
706.12
721.41
732.00
737.16
750.00
760.31
766.59
787.12
789.66
791.62
803.72
814.97
828.38
839.06
843.66
847.41
849.66
856.97
866.91
875.34
879.09
883.78
887.44
891.75
893.91
898.03
903.47
906.84
946.59
954.28
959.53
973.88
976.31
987.66
992.81
1038.28
1044.38
1047.00
1065.28
