Dataset = Dnd One-Hand OREBA; Detections given in seconds from start of data
51.41
57.22
70.72
78.41
84.12
93.31
99.41
106.91
112.34
127.25
135.50
151.53
160.34
188.38
197.94
208.44
213.88
219.50
235.81
254.28
259.91
262.91
265.72
267.69
273.12
279.78
284.56
287.94
300.41
306.88
314.84
324.12
328.44
356.19
360.69
384.50
398.56
400.62
416.94
425.09
463.06
475.53
499.16
510.31
530.47
536.94
545.66
551.66
555.78
558.69
566.84
575.19
586.06
594.31
602.19
605.84
615.31
626.75
629.75
640.25
645.97
652.34
664.53
681.97
695.47
699.69
712.91
723.78
726.88
734.47
749.56
781.72
791.56
797.19
806.09
836.00
847.25
875.19
878.47
910.53
916.25
921.69
938.28
1024.62
1037.66
1051.16
1149.31
1153.62
1155.59
1160.75
1165.34
1172.56
1175.28
