Dataset = Dnd One-Hand OREBA; Detections given in seconds from start of data
62.31
67.75
88.09
96.53
104.50
115.38
117.62
125.31
139.00
157.28
175.28
184.94
187.56
199.94
201.91
204.16
224.03
228.34
239.12
257.69
287.12
289.94
297.06
313.56
322.19
331.66
343.09
361.47
398.88
415.47
488.22
527.41
545.12
554.69
557.69
573.81
576.62
595.66
602.97
644.41
677.78
688.47
711.91
717.25
722.12
724.09
740.78
744.06
749.69
755.31
772.94
789.34
791.59
833.12
854.88
886.09
888.25
890.59
906.62
908.69
914.50
919.00
921.72
927.25
930.06
933.34
935.97
938.50
942.91
947.69
950.03
956.12
964.75
968.59
974.22
977.88
982.47
989.31
991.28
999.72
1007.88
1016.41
1022.97
1025.78
1032.25
1034.69
1037.03
1040.12
1043.41
1045.47
1048.00
1058.03
1065.91
1074.34
1091.97
1094.69
1099.00
1106.69
1114.94
1119.16
1122.72
1127.31
1130.50
1134.72
1137.62
1144.47
1155.25
