Dataset = Dnd One-Hand OREBA; Detections given in seconds from start of data
20.59
75.53
77.97
80.50
87.81
102.25
104.41
113.31
121.28
123.25
146.69
165.25
167.41
180.25
186.62
190.38
199.66
208.75
213.16
217.56
219.53
223.09
247.84
262.38
299.50
303.16
309.25
316.19
325.09
344.41
346.75
355.47
381.16
389.50
391.66
406.19
408.25
417.16
423.53
448.84
455.59
458.31
461.50
470.97
487.75
495.16
504.91
513.25
518.78
565.56
569.31
571.94
582.81
590.50
597.72
604.47
610.28
612.25
618.34
624.72
629.50
641.78
649.56
658.84
664.09
667.09
