Dataset = Clemson(Dom GT Only); RollThresh [deg/sec] = 10.0; Time2Thresh [sec] = 8.0; Detections given in seconds from start of data
75.00
104.73
127.80
163.27
195.93
215.40
231.60
274.93
285.40
302.47
340.73
405.60
458.60
475.07
495.07
520.73
531.73
559.07
569.67
584.07
612.60
632.27
648.80
671.47
690.87
709.53
737.93
765.07
777.53
790.47
802.07
821.93
839.47
852.87
868.47
879.20
890.40
905.93
936.87
963.27
982.80
998.40
1039.20
1067.73
1079.07
1104.67
1147.53
1167.40
1181.87
1200.80
1214.87
1238.20
1282.33
1310.13
1322.53
1342.33
1356.27
1395.27
1424.60
1484.87
1498.20
1515.53
1527.53
1554.93
1580.33
1591.33
1602.00
1626.67
1642.87
1664.13
1689.87
1728.33
1749.27
1759.93
1773.20
1804.53
1827.47
1847.47
1865.27
1903.53
1926.53
1938.33
1948.67
1958.73
2013.07
2023.20
2034.27
2047.20
2076.27
2099.27
2120.93
2137.87
2150.33
2171.47
2195.40
2208.40
2224.60
