Dataset = Clemson(Dom GT Only); RollThresh [deg/sec] = 10.0; Time2Thresh [sec] = 8.0; Detections given in seconds from start of data
53.20
63.27
75.07
85.13
96.67
106.80
117.07
128.20
142.93
153.47
163.53
176.80
192.20
202.27
212.33
226.73
242.53
252.67
263.40
276.27
286.47
299.47
322.40
336.67
353.00
369.33
390.27
403.67
415.40
434.67
456.00
468.13
478.47
499.60
510.67
541.13
557.93
572.07
592.20
604.07
618.93
647.67
660.07
671.40
682.40
692.67
703.07
714.27
725.00
737.07
749.33
764.13
788.00
802.73
815.87
828.20
845.00
858.80
876.27
894.87
908.47
919.13
931.87
944.73
958.33
968.40
985.13
997.47
1010.47
1025.40
1035.60
1046.67
1057.40
1070.13
1084.60
1097.60
1114.53
1126.27
1141.60
1159.60
1179.13
