Dataset = Clemson(Dom GT Only); RollThresh [deg/sec] = 10.0; Time2Thresh [sec] = 8.0; Detections given in seconds from start of data
152.93
190.20
200.73
216.53
227.27
241.67
252.13
265.07
276.07
290.73
301.47
312.53
354.67
373.27
384.27
398.73
409.47
448.00
463.27
476.40
493.40
508.87
535.00
545.40
566.20
585.40
615.87
626.27
638.80
658.47
668.53
685.67
719.67
730.00
749.00
759.20
783.47
794.60
806.80
826.07
857.93
868.73
884.07
896.13
908.67
982.87
999.20
1013.73
1026.07
1039.13
1052.13
1089.07
1108.20
1118.33
1131.00
1142.87
1153.87
1164.67
1176.13
1189.07
1200.93
1211.20
1227.53
1238.53
1248.93
1263.07
1276.87
