Dataset = Clemson(Dom GT Only); RollThresh [deg/sec] = 10.0; Time2Thresh [sec] = 8.0; Detections given in seconds from start of data
179.40
192.47
205.13
217.80
231.53
247.67
265.73
283.93
294.87
316.13
329.40
340.40
353.87
365.40
382.67
400.40
411.40
433.53
450.20
462.60
477.73
494.07
505.87
524.67
557.20
569.00
585.60
621.80
645.87
661.47
673.33
684.07
701.33
714.27
733.87
748.73
758.93
786.13
800.47
812.47
822.73
836.13
846.40
859.60
875.47
891.93
904.53
915.60
926.33
943.27
954.40
967.93
981.80
1016.93
1031.60
1044.87
1063.47
1074.33
1086.93
1106.40
1130.13
1145.80
1155.93
1174.47
1192.67
1207.67
1228.93
1244.33
