Dataset = Clemson(Dom GT Only); RollThresh [deg/sec] = 10.0; Time2Thresh [sec] = 8.0; Detections given in seconds from start of data
184.67
196.00
219.00
239.40
250.00
262.53
276.27
293.67
307.13
324.60
336.53
351.67
362.80
374.07
388.60
401.20
411.93
431.07
446.60
458.73
471.73
483.13
495.67
516.67
529.87
549.60
561.33
571.93
586.87
601.87
634.80
662.67
674.07
688.33
700.27
718.47
733.73
759.47
777.67
792.20
803.47
815.73
834.53
877.27
889.53
904.33
920.60
963.60
973.67
1010.53
1040.87
1067.47
1081.00
1102.13
1115.53
1129.60
1159.40
1172.80
1183.53
1207.07
1222.53
1241.67
1258.93
1273.87
1304.80
1328.93
1352.33
1363.20
1382.33
1462.13
1473.73
1488.87
1507.47
