Dataset = Clemson(Dom GT Only); RollThresh [deg/sec] = 10.0; Time2Thresh [sec] = 8.0; Detections given in seconds from start of data
30.27
44.00
58.73
69.87
94.07
106.00
121.73
132.40
143.67
157.20
172.73
183.80
196.13
206.53
217.33
229.27
240.40
250.87
261.60
273.80
295.33
305.73
316.20
326.67
337.47
353.13
364.87
382.40
399.27
412.07
425.60
441.27
451.33
462.27
474.67
497.53
508.47
522.00
533.13
545.33
565.13
583.53
593.60
604.67
618.00
629.53
643.60
662.07
673.47
689.13
700.40
724.27
734.67
749.33
761.73
773.73
784.80
800.20
813.67
825.07
837.20
849.73
864.20
874.73
886.93
904.00
917.27
928.07
941.47
952.13
969.33
980.07
992.13
1035.93
