Dataset = Clemson(Dom GT Only); RollThresh [deg/sec] = 10.0; Time2Thresh [sec] = 8.0; Detections given in seconds from start of data
127.67
157.13
178.80
194.60
208.67
223.53
244.73
254.80
264.87
285.67
299.07
309.73
338.53
353.07
371.67
383.80
394.47
408.27
447.40
458.60
476.40
487.80
504.93
519.73
532.87
548.60
559.20
574.53
588.87
602.40
618.40
632.60
642.80
652.93
663.00
679.67
692.60
704.07
716.93
733.53
754.67
767.60
789.87
802.00
812.47
826.53
861.27
873.80
887.53
904.20
928.47
943.00
957.00
969.93
992.07
1005.93
1018.93
1030.87
1043.73
1070.27
1081.33
1092.67
1115.40
1162.87
