Dataset = Clemson(Dom GT Only); RollThresh [deg/sec] = 10.0; Time2Thresh [sec] = 8.0; Detections given in seconds from start of data
31.60
43.07
54.40
64.53
74.93
90.07
126.73
139.67
149.80
176.40
187.67
202.20
218.07
228.93
240.00
256.13
267.93
278.07
293.60
306.47
318.73
340.27
351.73
377.93
393.20
404.60
414.67
426.00
451.87
464.33
474.60
488.20
508.67
535.87
549.27
562.40
573.73
584.93
609.33
623.87
636.53
680.40
699.13
712.20
729.93
758.60
769.00
794.20
826.73
850.40
901.33
936.87
967.87
1143.27
1167.67
1211.73
1224.27
1236.40
1266.93
1299.80
1329.33
1355.93
1378.20
1400.13
1441.93
1453.47
1469.73
1501.87
1569.60
1593.20
1604.47
1621.13
1637.00
1660.07
1684.73
1709.93
1729.13
1762.40
1785.80
1810.67
