Dataset = Clemson(Dom GT Only); RollThresh [deg/sec] = 10.0; Time2Thresh [sec] = 8.0; Detections given in seconds from start of data
292.47
304.20
314.73
334.33
349.53
365.67
376.93
392.13
402.20
412.27
422.80
438.13
450.33
466.40
481.87
495.00
508.93
530.33
543.87
558.47
570.53
583.47
594.00
609.33
622.53
635.40
648.93
667.47
681.87
693.80
703.87
730.53
743.00
754.13
766.87
781.40
801.00
823.93
836.60
850.07
865.73
886.00
908.47
935.73
949.53
962.60
983.87
1026.27
1045.20
1057.93
1068.60
1082.13
1093.27
1103.40
1118.00
1128.07
1139.53
1151.20
1164.67
1183.40
1205.87
1221.47
1262.60
1272.67
1283.47
1306.73
1320.40
1340.33
1356.87
1371.87
1382.60
1394.87
1407.00
1422.67
1444.20
1456.60
1475.53
1488.07
1501.93
1512.93
1524.73
1542.40
1555.93
1568.20
1579.73
1590.40
