Dataset = Clemson(Dom GT Only); RollThresh [deg/sec] = 10.0; Time2Thresh [sec] = 8.0; Detections given in seconds from start of data
157.13
174.80
186.87
199.67
210.73
222.27
235.27
246.00
258.53
270.20
282.73
293.60
317.67
328.33
340.60
350.67
360.73
384.73
396.67
408.40
419.20
430.53
456.47
473.07
501.67
513.27
527.53
540.60
558.80
575.53
589.60
600.00
610.07
625.40
646.67
659.40
669.67
694.20
711.80
722.20
733.73
748.07
770.73
783.27
793.87
805.20
816.93
844.93
855.07
869.60
894.60
905.13
915.20
925.27
938.00
954.40
965.67
977.00
991.80
1003.80
1018.80
1032.20
1044.33
1054.40
1074.33
1087.93
1105.33
1117.33
1130.07
1181.33
