Dataset = Clemson(Dom GT Only); RollThresh [deg/sec] = 10.0; Time2Thresh [sec] = 8.0; Detections given in seconds from start of data
76.93
94.87
112.87
125.27
142.13
152.40
179.80
196.73
218.60
232.20
251.00
263.73
292.60
312.53
332.07
351.60
365.67
377.07
396.13
406.20
427.67
440.80
454.80
466.20
497.47
516.80
532.07
542.13
555.27
567.20
584.13
606.13
617.47
629.80
642.73
655.53
682.53
728.60
751.67
768.47
778.67
788.87
801.00
818.40
839.33
852.13
868.40
878.53
894.87
912.20
929.13
965.27
978.60
989.40
1005.93
1019.60
1031.27
1050.33
1063.67
1078.60
1090.33
1105.40
1119.93
1130.47
1150.47
1164.67
1177.93
1188.80
1202.87
1218.80
1228.87
1241.53
1252.47
1271.60
1284.47
1296.87
