Dataset = Clemson(Dom GT Only); RollThresh [deg/sec] = 10.0; Time2Thresh [sec] = 8.0; Detections given in seconds from start of data
202.93
217.73
238.07
249.60
323.93
338.27
361.80
376.67
394.27
413.07
423.87
433.93
444.27
458.80
471.87
492.80
507.33
518.20
540.53
552.80
573.33
585.27
604.60
616.73
640.93
656.40
669.87
682.00
692.93
722.87
741.60
752.47
769.20
780.67
798.13
808.40
818.80
834.67
848.20
858.40
869.00
882.60
895.93
913.33
929.33
943.33
970.40
985.60
1002.07
1018.00
1037.87
1056.33
1071.47
1085.47
1102.20
1117.53
1135.20
1150.20
1169.27
1179.60
1196.00
1216.27
1232.27
1254.87
1266.80
1280.73
1293.67
1315.87
1329.60
1345.80
1364.73
1375.53
1401.47
1419.40
1433.67
1462.20
1480.53
1495.33
1517.47
1546.60
1577.27
1593.67
1606.40
1626.27
1644.07
1668.67
1679.20
1689.67
1703.27
1719.47
1735.00
1754.53
1775.00
1788.93
1824.73
