Dataset = Clemson(Dom GT Only); RollThresh [deg/sec] = 10.0; Time2Thresh [sec] = 8.0; Detections given in seconds from start of data
218.73
229.13
254.00
266.80
276.87
290.40
300.60
317.27
329.27
346.87
359.40
370.87
384.67
397.73
409.20
428.00
446.80
459.40
469.53
483.00
493.87
510.13
527.20
537.47
549.67
563.80
577.20
592.13
610.00
624.13
635.13
649.73
659.80
673.53
687.87
698.80
708.87
725.93
744.47
760.60
774.53
785.27
800.73
822.13
836.33
847.13
861.00
875.40
887.00
902.80
914.53
924.60
935.80
949.33
960.40
970.47
986.13
997.87
1011.60
1026.80
1043.73
1055.47
1072.80
1088.87
1099.53
1112.13
1122.47
1134.40
1146.80
1157.33
1175.13
1192.93
1206.27
1217.53
1227.60
1241.67
1251.73
1263.40
1283.00
1298.40
1310.60
