Dataset = Clemson(Dom GT Only); RollThresh [deg/sec] = 10.0; Time2Thresh [sec] = 8.0; Detections given in seconds from start of data
72.47
82.93
95.20
106.87
123.13
136.00
147.47
162.27
181.20
192.53
204.33
229.73
246.20
261.87
272.73
312.53
325.53
337.13
349.87
416.20
428.07
449.80
464.47
476.93
488.93
506.33
520.00
532.40
545.20
562.07
572.60
591.53
601.87
618.67
633.40
651.60
671.87
689.47
701.80
712.60
726.00
737.47
752.87
765.07
775.13
791.53
803.33
821.47
832.53
856.67
872.33
886.73
901.60
913.87
929.13
945.13
965.13
975.47
986.93
1022.67
1035.47
1049.40
1082.07
1092.67
1108.53
1120.27
1130.33
1140.47
1162.87
1174.00
1203.07
1213.13
1231.47
1274.80
1291.13
1308.07
1331.07
1343.93
1356.07
1369.07
