Dataset = Clemson(Dom GT Only); RollThresh [deg/sec] = 10.0; Time2Thresh [sec] = 8.0; Detections given in seconds from start of data
118.87
130.87
145.67
162.07
187.33
208.73
228.27
249.73
267.20
282.00
329.07
346.53
373.40
407.33
427.47
438.93
455.53
524.40
544.60
562.13
578.87
597.20
614.60
625.20
638.53
657.87
675.93
689.87
705.33
715.87
725.93
741.93
757.00
777.13
792.20
804.73
818.73
836.27
846.40
859.53
869.80
881.27
891.33
909.07
922.00
938.53
957.27
968.73
984.60
997.93
1012.67
1024.87
1041.47
1060.40
1077.73
1095.53
1106.40
1118.40
1130.33
1146.60
1158.07
1175.60
1189.40
1206.73
1216.80
1227.73
1241.27
1254.93
1272.93
1293.20
1305.40
1324.60
1349.07
1359.13
1377.13
1387.53
1431.27
1450.87
1479.00
1489.60
1500.47
1513.80
1544.13
1556.87
1576.60
1592.73
1618.07
1629.13
1640.33
1650.73
1676.67
1686.73
1698.47
1716.93
1729.27
1749.53
1763.93
1776.27
