Dataset = Clemson(Dom GT Only); RollThresh [deg/sec] = 10.0; Time2Thresh [sec] = 8.0; Detections given in seconds from start of data
49.60
65.40
75.47
91.00
108.20
120.60
135.93
146.67
158.13
168.93
189.60
221.07
231.13
243.07
257.20
278.73
290.73
301.47
329.40
348.87
385.20
400.67
411.67
423.40
433.73
455.93
467.20
478.60
494.20
506.07
519.53
541.67
556.87
570.13
587.40
600.20
615.20
640.67
650.73
663.47
679.80
699.13
715.87
727.73
745.47
767.27
783.67
804.27
820.27
862.67
891.00
912.20
943.20
972.87
1005.33
1037.73
1061.53
1083.40
1104.20
1118.27
1134.27
1162.20
1174.27
1190.00
1223.00
1239.40
1276.80
