Dataset = Clemson(Dom GT Only); RollThresh [deg/sec] = 10.0; Time2Thresh [sec] = 8.0; Detections given in seconds from start of data
153.47
171.07
181.13
193.47
207.67
217.73
232.27
242.33
252.80
262.93
274.73
288.27
321.07
332.27
347.20
358.93
381.53
395.00
412.27
429.00
439.60
468.40
481.07
492.93
510.87
527.00
537.07
551.33
569.20
579.93
590.07
608.27
638.47
653.40
670.67
682.33
700.47
719.93
730.00
740.07
762.07
786.47
796.53
807.67
819.13
830.80
846.33
861.40
897.47
916.67
929.93
950.67
973.80
993.07
1007.27
1038.93
1054.33
1069.87
1083.80
1106.33
1158.53
1182.20
1192.27
1231.13
1243.67
1282.73
1304.73
1315.13
1341.00
1352.40
1368.53
1380.13
