Dataset = Clemson(Dom GT Only); RollThresh [deg/sec] = 10.0; Time2Thresh [sec] = 8.0; Detections given in seconds from start of data
36.40
49.80
60.33
75.93
107.13
121.47
134.40
146.73
160.87
184.33
195.47
220.60
249.40
300.87
313.00
332.60
349.93
361.73
382.53
396.33
421.80
434.60
453.53
468.13
481.53
499.40
526.40
536.47
547.73
586.53
599.00
626.67
638.20
652.00
664.07
684.80
701.47
712.13
738.40
752.07
776.00
790.73
803.20
813.27
825.27
855.20
868.47
880.80
890.87
910.33
923.53
934.93
947.13
958.53
971.87
983.73
999.47
1009.60
1021.20
1031.27
1045.00
1061.80
1072.00
1086.67
1096.73
1107.07
1119.27
1130.53
1145.67
1156.13
1173.13
1184.33
1194.73
1204.80
1215.40
1225.47
1237.20
1248.67
1264.33
1276.47
1287.80
1300.40
1312.80
1324.60
