Dataset = Clemson(Dom GT Only); RollThresh [deg/sec] = 10.0; Time2Thresh [sec] = 8.0; Detections given in seconds from start of data
35.73
49.00
60.00
80.00
101.07
118.80
139.47
151.20
167.53
177.80
192.53
205.53
215.67
229.13
239.67
256.67
269.67
283.53
299.80
316.87
327.40
337.47
353.33
366.13
376.93
388.47
402.93
416.67
429.93
444.13
455.20
472.40
483.27
497.47
507.87
518.60
530.87
545.87
555.93
566.00
581.80
593.00
603.07
616.40
629.00
643.00
653.27
663.67
675.53
685.80
697.73
710.47
722.73
737.80
751.13
764.47
774.87
785.47
801.93
840.87
855.47
870.47
881.87
892.27
905.20
916.20
930.07
947.80
969.40
983.87
995.80
1008.60
1022.60
1035.00
1046.33
1063.07
1079.33
1093.40
1107.53
1117.80
1133.20
1151.93
1163.00
1176.27
1188.20
1200.27
1216.53
1226.60
1236.67
1251.73
1264.07
1275.60
1286.33
1298.40
1322.53
