Dataset = Clemson(Dom GT Only); RollThresh [deg/sec] = 10.0; Time2Thresh [sec] = 8.0; Detections given in seconds from start of data
244.80
255.13
269.40
292.67
302.73
313.20
323.53
333.73
349.53
361.67
374.87
384.93
396.13
415.93
428.20
438.80
457.73
469.93
482.00
497.80
510.87
523.13
540.60
571.20
599.80
616.93
629.53
645.80
661.60
675.73
691.53
716.07
728.13
741.67
763.07
773.13
784.53
796.33
808.93
851.20
864.53
883.80
895.53
906.53
917.33
928.07
943.07
954.00
975.07
985.60
997.73
1010.20
1020.93
1046.40
1059.27
1069.73
1081.67
1093.47
1117.20
1142.87
1164.47
1177.33
1189.07
1200.60
1211.87
1222.20
1235.67
1246.53
1258.13
1271.07
1281.13
1294.53
1305.80
1316.13
1339.40
1353.20
1364.73
1377.20
1390.20
1403.33
1416.87
1431.80
1441.87
1452.53
1462.60
1476.67
1505.00
1515.07
1530.53
