Dataset = Clemson(Dom GT Only); RollThresh [deg/sec] = 10.0; Time2Thresh [sec] = 8.0; Detections given in seconds from start of data
125.60
137.40
150.47
169.27
181.80
210.93
273.40
292.07
310.80
321.87
332.80
343.87
355.20
372.47
385.20
396.60
411.27
430.13
442.27
454.27
470.13
480.60
497.33
513.67
526.47
538.07
554.13
567.87
592.87
614.60
624.67
635.47
650.73
663.80
684.80
706.87
721.80
736.60
765.53
776.13
793.20
805.73
831.07
842.60
854.93
871.60
883.20
894.13
908.67
923.20
936.53
954.20
967.13
981.20
999.80
1011.60
1036.87
1047.47
1064.93
1078.07
1090.67
1102.40
1115.47
1127.93
1141.20
1151.87
1172.00
1187.33
1199.80
1215.00
1226.80
1239.00
1254.47
1277.00
1291.00
1301.87
1328.40
1345.00
1374.80
1390.27
1400.33
1420.60
1439.20
1452.20
1465.47
1479.20
1492.73
1511.00
1537.07
