Dataset = Clemson(Dom GT Only); RollThresh [deg/sec] = 10.0; Time2Thresh [sec] = 8.0; Detections given in seconds from start of data
53.60
70.20
93.40
114.47
126.13
144.40
166.93
178.27
190.67
202.53
232.20
245.13
266.00
283.73
296.20
315.47
327.67
337.73
358.47
371.47
382.27
392.87
406.07
417.47
428.47
443.47
455.27
466.93
483.47
501.87
517.40
527.47
537.80
549.27
560.47
580.00
591.80
604.13
616.07
626.93
637.33
648.73
659.67
671.13
682.00
701.00
711.07
729.40
739.47
751.87
767.53
786.07
796.80
813.07
826.80
843.60
873.13
886.20
896.27
910.40
920.47
931.33
942.40
961.13
971.20
981.27
994.33
1005.80
1023.07
1034.93
1047.40
1059.40
1073.00
1083.13
1097.73
1112.20
1122.27
1135.87
1149.40
1159.47
1181.27
1191.73
1206.47
1219.87
1245.33
1260.80
1272.40
