Dataset = Clemson(Dom GT Only); RollThresh [deg/sec] = 10.0; Time2Thresh [sec] = 8.0; Detections given in seconds from start of data
71.33
84.33
95.40
110.80
121.40
135.47
146.20
170.07
181.20
201.20
214.60
235.73
249.07
263.87
278.40
294.40
309.73
319.80
332.73
345.33
358.80
377.60
396.33
409.73
419.80
430.67
441.60
453.93
464.00
479.00
491.27
512.27
523.13
535.53
550.47
562.87
573.20
583.53
610.87
628.07
638.87
657.00
669.93
690.73
702.20
730.47
747.33
763.47
794.27
807.67
818.40
829.53
839.93
857.27
894.40
906.53
918.53
958.00
998.07
1015.47
1027.40
1042.47
1091.27
1111.60
1122.73
1135.73
1147.20
1158.00
1178.93
1190.67
1202.20
1228.73
1244.80
1255.73
1265.80
1278.60
1291.40
1301.73
1313.33
1336.53
1367.20
1398.47
1409.07
1426.53
1436.67
1451.40
1461.47
1510.93
1541.73
1580.60
