Dataset = Clemson(Dom GT Only); RollThresh [deg/sec] = 10.0; Time2Thresh [sec] = 8.0; Detections given in seconds from start of data
30.13
43.60
65.87
79.00
94.27
106.13
121.07
131.47
142.80
167.40
182.73
195.53
209.53
225.33
240.87
250.93
263.20
279.60
299.73
310.53
323.80
334.20
345.73
363.80
375.40
393.73
408.47
418.60
436.27
455.20
470.80
480.87
494.33
507.87
519.87
529.93
540.00
552.07
562.93
573.47
587.13
599.73
612.20
627.67
638.80
657.07
668.33
679.47
692.20
708.40
721.60
735.40
753.53
764.07
779.33
793.67
804.80
819.80
829.93
841.60
853.67
887.20
899.80
912.93
923.00
936.13
958.47
970.87
1002.67
1018.33
1041.00
1059.20
1090.33
1106.40
1128.07
1138.13
1157.00
1198.60
1213.00
1234.20
1250.87
1261.20
1272.33
1285.87
1300.40
1329.40
1341.73
