Dataset = Clemson(Dom GT Only); RollThresh [deg/sec] = 10.0; Time2Thresh [sec] = 8.0; Detections given in seconds from start of data
65.20
76.67
87.53
114.60
131.13
147.47
160.27
176.47
188.87
199.73
215.40
226.13
247.07
258.40
270.40
284.93
295.53
307.13
326.27
338.80
355.47
386.13
397.20
408.20
418.40
437.87
450.73
461.13
473.80
487.13
509.20
522.13
532.20
547.33
561.33
573.67
592.33
603.00
627.33
640.87
654.27
670.73
688.20
699.27
709.53
720.67
736.07
747.20
762.67
775.87
788.47
805.53
818.80
833.73
846.60
860.40
872.80
883.87
924.13
936.53
951.27
963.60
983.67
996.60
1007.60
1025.20
1041.60
1053.93
1066.20
1076.73
1089.40
1103.47
1114.60
1124.93
1136.13
1146.20
1163.60
1174.60
1190.27
1205.47
1215.73
1227.80
1239.40
1249.87
1264.87
1277.67
1288.93
1301.40
1311.47
1326.27
1345.93
1357.07
1376.47
1399.47
1410.93
1423.47
1437.80
1447.93
1458.00
1470.80
1483.00
1500.33
1515.00
1525.67
1602.20
1616.00
1652.47
1674.40
