Dataset = Clemson(Dom GT Only); RollThresh [deg/sec] = 10.0; Time2Thresh [sec] = 8.0; Detections given in seconds from start of data
314.20
327.73
342.67
356.73
366.80
378.73
394.80
408.20
424.27
444.00
459.00
469.07
481.00
497.93
518.20
539.33
554.13
564.20
578.80
597.93
610.20
620.40
647.00
660.53
678.20
688.27
707.00
717.20
731.40
742.20
761.53
788.47
811.80
826.73
837.93
855.00
877.40
888.20
905.33
915.53
929.47
954.20
968.47
988.80
1005.73
1023.67
1034.20
1067.53
1079.80
1089.87
1100.87
1115.20
1128.13
1141.47
1157.53
1183.00
1211.93
1245.13
1264.80
1281.73
1296.27
1314.93
1332.73
1348.27
1359.13
1374.73
1412.00
1425.67
1472.87
1488.47
1569.33
1581.47
1612.47
1628.07
1640.53
1696.87
1710.67
1720.93
1750.07
1824.67
1839.73
1855.27
1872.20
1888.33
1899.20
1922.80
1938.87
1960.13
1973.13
1996.60
2019.60
2041.67
2069.27
2112.67
2135.07
2164.13
2181.13
2195.13
2210.67
2222.60
2236.53
2253.27
2265.27
2277.87
2287.93
2309.47
2339.00
2359.93
2373.53
2421.00
2431.47
2448.73
