Dataset = Clemson(Dom GT Only); RollThresh [deg/sec] = 10.0; Time2Thresh [sec] = 8.0; Detections given in seconds from start of data
139.13
149.40
159.47
169.80
179.87
191.00
206.13
218.07
244.47
257.07
276.80
288.27
302.93
315.33
349.53
360.93
372.80
383.13
405.73
422.40
435.93
447.47
459.07
469.53
479.60
489.87
506.73
518.33
532.60
545.47
557.40
570.60
581.07
597.00
611.40
632.13
643.33
663.20
674.40
686.87
701.93
717.33
730.47
740.93
753.60
763.67
777.67
798.27
812.07
827.93
843.13
857.53
873.07
893.07
903.13
916.80
934.60
947.20
967.53
977.60
989.67
1003.80
1022.07
1044.53
1055.60
1087.40
1111.73
1130.73
1150.87
1162.73
1173.13
1187.53
1200.33
1264.67
1286.73
1302.07
1333.93
1367.27
1379.67
