Dataset = Clemson(Dom GT Only); RollThresh [deg/sec] = 10.0; Time2Thresh [sec] = 8.0; Detections given in seconds from start of data
238.33
259.27
273.20
299.87
311.93
322.00
332.20
343.67
356.00
372.73
399.60
409.73
420.73
438.80
453.40
463.47
474.27
490.27
502.07
512.33
523.13
539.20
550.13
562.20
573.47
583.53
596.13
608.07
623.53
641.93
652.73
671.33
686.53
700.87
713.73
724.20
735.20
746.60
763.00
784.53
800.47
815.27
825.67
857.87
877.00
895.40
912.93
927.67
945.53
955.60
966.33
981.40
991.47
1024.07
1037.73
1050.20
1064.27
1074.60
1127.40
1138.80
1158.00
1168.80
1179.80
1197.40
1218.27
1229.20
1239.27
1251.20
1265.27
1275.33
1292.93
1303.00
1333.93
1350.27
1370.87
1381.87
1394.73
1419.00
1445.87
1458.00
1498.87
1511.20
1521.27
1533.47
1562.40
1588.00
1609.73
1631.93
1649.27
1659.40
1749.80
