Dataset = Clemson(Dom GT Only); RollThresh [deg/sec] = 10.0; Time2Thresh [sec] = 8.0; Detections given in seconds from start of data
174.67
186.20
200.53
211.87
223.00
238.20
259.33
271.33
283.27
295.53
306.13
317.13
328.27
338.33
349.27
359.33
371.27
383.47
394.47
408.00
418.07
429.40
445.87
465.40
478.60
490.33
500.40
512.13
526.47
537.20
547.27
557.73
568.73
582.27
593.87
606.73
622.40
634.53
648.53
663.80
685.87
695.93
707.27
740.13
754.53
766.07
777.33
792.87
805.27
815.47
825.73
835.80
849.33
881.53
891.67
903.73
926.67
937.40
947.47
959.87
970.73
983.13
993.47
1003.53
1022.13
1032.87
1042.93
1056.27
1066.60
1078.73
1088.80
1101.67
1113.80
1125.80
1140.47
1150.53
1162.47
1175.80
1189.47
1202.93
1222.87
1234.53
1245.53
1258.27
1269.00
1279.07
