Dataset = Clemson(Dom GT Only); RollThresh [deg/sec] = 10.0; Time2Thresh [sec] = 8.0; Detections given in seconds from start of data
74.73
85.07
104.60
123.33
147.73
165.07
231.33
246.87
269.60
281.20
294.20
307.00
324.33
335.27
345.67
381.60
391.80
406.20
419.80
429.87
442.00
488.53
502.07
515.80
528.73
540.40
556.40
566.47
580.33
600.87
613.07
626.20
637.27
653.93
667.87
683.27
694.13
706.73
716.80
727.80
739.73
751.87
762.80
782.47
795.13
814.93
826.07
836.13
847.67
862.47
941.67
955.00
966.27
976.33
986.47
1003.13
1015.93
1026.00
1036.07
1048.53
1063.47
1077.87
1092.60
1105.47
1126.73
1141.40
1153.67
1175.27
1198.07
1213.47
1225.13
1237.53
1247.60
1257.80
1279.93
1290.33
1300.80
1312.80
1328.47
1343.40
1353.93
1366.07
1383.40
1393.47
