Dataset = Clemson(Dom GT Only); RollThresh [deg/sec] = 10.0; Time2Thresh [sec] = 8.0; Detections given in seconds from start of data
222.00
245.27
255.47
266.67
277.07
288.00
310.60
321.87
332.67
351.47
366.07
381.67
396.33
409.93
421.13
438.47
450.07
467.27
482.07
492.67
504.60
516.33
540.60
551.47
561.53
575.87
587.07
599.53
610.00
623.27
644.93
656.13
668.87
681.67
700.60
711.20
725.20
752.80
767.60
780.67
794.67
806.07
820.33
835.60
855.93
869.20
883.20
894.20
906.07
918.73
931.67
942.93
959.73
980.53
996.07
1007.47
1017.80
1027.87
1038.47
1051.80
1068.67
1079.67
1091.27
1102.13
1112.73
1128.53
1140.60
1154.13
1166.53
1177.67
1190.93
1205.93
1224.13
1237.67
1249.93
1262.67
1274.80
1288.40
1300.07
1311.53
1328.40
1346.33
1359.67
1374.27
1384.33
1394.80
1410.73
1428.13
1438.53
1452.67
1462.73
1481.07
1493.07
1503.27
1522.53
1532.93
1559.53
1572.00
1583.00
1593.07
1603.13
1615.13
1642.13
1668.80
1686.47
1701.13
1721.27
1735.00
1793.87
1830.87
1848.80
