Dataset = Clemson(Dom GT Only); RollThresh [deg/sec] = 10.0; Time2Thresh [sec] = 8.0; Detections given in seconds from start of data
201.07
212.07
224.33
254.60
272.60
327.60
341.93
356.87
377.27
393.40
408.40
420.00
432.07
442.40
466.87
477.87
503.67
516.13
532.40
543.40
553.47
571.00
590.87
601.73
613.60
623.67
633.73
651.27
662.07
672.20
690.47
708.13
719.67
729.73
740.67
755.20
773.47
787.13
802.27
821.73
841.53
866.73
878.73
888.80
899.40
921.87
937.47
961.47
971.53
981.60
992.87
1002.93
1015.27
1036.60
1048.87
1067.53
1082.27
1092.33
1108.07
1123.33
1136.73
1153.53
1164.93
1178.47
1190.20
1203.73
1221.33
1232.87
1245.67
1256.60
1271.20
1293.87
1309.73
1325.07
1336.07
1361.33
1373.47
1387.13
1397.40
1408.27
1434.80
1465.07
1490.93
1512.60
1546.40
1558.33
1578.53
1590.53
1601.27
1616.53
1631.13
1644.07
1696.53
1724.73
1737.60
