Dataset = Clemson(Dom GT Only); RollThresh [deg/sec] = 10.0; Time2Thresh [sec] = 8.0; Detections given in seconds from start of data
115.47
138.40
151.87
165.20
177.60
194.53
219.93
235.87
250.27
260.33
270.67
289.13
302.40
312.73
325.00
337.73
354.07
365.93
380.67
390.73
413.87
429.47
440.33
455.40
465.47
484.60
495.13
506.47
525.80
541.87
554.73
591.87
633.60
662.20
684.20
702.40
713.33
724.53
739.67
757.67
768.47
785.33
796.87
806.93
817.00
829.73
841.20
852.13
890.00
900.47
917.33
931.07
951.00
962.00
979.67
993.13
1015.33
1025.40
1037.40
1060.40
1073.13
1083.60
1098.47
1108.53
1127.87
1138.93
1150.67
1173.13
1196.00
1207.40
1218.60
1238.47
1257.93
1268.67
1280.13
1294.60
1316.60
1334.07
1344.13
1355.20
1374.33
1385.93
1403.07
1419.53
1430.73
1442.87
1467.73
