Dataset = Clemson(Dom GT Only); RollThresh [deg/sec] = 10.0; Time2Thresh [sec] = 8.0; Detections given in seconds from start of data
193.27
208.67
222.07
237.53
253.87
267.60
278.27
293.13
303.20
324.07
334.40
344.80
354.87
365.80
381.93
407.67
418.40
434.40
450.00
471.33
516.93
537.93
559.60
570.73
600.80
626.07
639.07
649.93
676.07
690.13
702.13
722.20
738.20
754.20
780.60
795.00
808.93
823.20
837.73
850.00
860.13
870.60
924.93
940.00
980.93
995.27
1024.73
1037.33
1047.40
1060.00
1087.33
1104.33
1120.87
1139.80
1155.07
1185.80
1198.20
1211.33
1222.67
1239.93
1361.20
1386.80
1405.80
1490.93
1502.47
1529.40
1554.00
1575.27
1592.60
