Dataset = Clemson(Dom GT Only); RollThresh [deg/sec] = 10.0; Time2Thresh [sec] = 8.0; Detections given in seconds from start of data
287.60
302.40
314.47
377.47
426.27
447.80
465.20
476.33
487.73
505.00
516.47
537.00
550.13
563.80
579.27
591.93
607.47
622.80
643.27
661.87
671.93
683.47
699.87
713.60
723.87
737.47
748.73
758.80
769.47
782.27
793.20
803.27
824.53
835.40
855.93
866.00
885.60
897.80
910.73
921.13
941.93
958.07
974.00
989.53
1000.73
1014.93
1032.60
1043.40
1057.00
1074.33
1084.40
1094.73
1120.07
1134.40
1145.20
1178.73
1192.33
1203.40
1233.73
1243.80
1267.13
1283.53
1306.67
1323.93
1350.53
1364.27
1395.13
1406.53
1429.20
1443.87
1459.87
1477.13
1487.20
1506.33
1518.00
1532.33
1544.27
1557.80
1579.60
1589.67
1604.13
1618.40
