Dataset = Clemson(Dom GT Only); RollThresh [deg/sec] = 10.0; Time2Thresh [sec] = 8.0; Detections given in seconds from start of data
28.27
41.20
70.33
85.07
96.47
110.40
124.00
148.07
161.33
174.73
184.80
200.07
215.13
233.53
245.13
255.20
267.93
286.13
300.80
316.93
332.67
344.60
356.87
368.27
379.13
393.93
409.27
422.47
435.60
448.60
462.40
473.80
488.13
500.40
514.60
526.80
541.73
553.00
563.07
578.20
596.27
607.40
622.87
638.47
654.27
671.20
682.00
708.67
720.53
741.73
767.33
778.27
791.33
809.60
828.27
841.20
862.47
873.40
884.73
895.67
912.20
923.47
937.27
952.13
963.40
979.53
997.87
1008.33
1028.40
1042.20
1057.80
1092.47
1104.87
1129.87
1140.40
1151.93
1163.87
1186.07
1210.93
1227.93
1238.47
1261.67
1273.67
1320.20
1330.40
1341.00
1357.27
1379.53
