Dataset = Clemson(Dom GT Only); RollThresh [deg/sec] = 10.0; Time2Thresh [sec] = 8.0; Detections given in seconds from start of data
93.00
103.07
113.47
124.60
139.07
154.00
164.80
174.93
186.20
196.27
208.13
219.87
232.20
247.73
262.20
273.87
283.93
294.60
304.80
323.13
337.33
347.93
359.00
370.27
381.87
395.20
405.27
419.07
435.27
445.33
463.47
474.00
486.20
496.53
512.60
522.67
542.20
564.27
575.80
588.53
601.07
615.93
627.53
637.60
659.40
674.47
688.87
702.33
713.60
731.87
757.13
770.07
791.13
801.27
813.87
829.53
841.20
853.80
865.80
876.60
891.40
901.47
914.87
932.00
942.80
955.47
972.33
983.87
994.60
1009.00
1032.20
1044.80
1054.87
1065.80
1079.47
1089.67
1106.53
1117.40
