Dataset = Clemson(Dom GT Only); RollThresh [deg/sec] = 10.0; Time2Thresh [sec] = 8.0; Detections given in seconds from start of data
29.20
43.00
53.20
64.80
78.80
91.40
102.53
117.47
130.67
147.53
164.40
175.60
195.13
209.13
221.13
236.93
252.13
268.60
289.53
308.47
324.40
338.67
351.07
372.73
389.60
401.20
414.67
425.07
435.13
446.87
457.00
469.27
485.07
497.27
510.53
522.40
538.07
565.13
575.73
587.07
608.20
619.53
631.53
641.60
654.67
666.53
687.13
697.80
709.73
723.53
740.67
750.87
764.20
792.53
802.60
813.47
837.40
850.47
860.67
879.93
925.33
954.27
970.00
981.27
1015.33
1026.80
1041.80
1057.00
1075.27
1088.27
