Dataset = Clemson(Dom GT Only); RollThresh [deg/sec] = 10.0; Time2Thresh [sec] = 8.0; Detections given in seconds from start of data
65.20
75.27
101.40
111.47
123.53
136.07
146.13
157.53
170.00
183.60
199.53
223.13
248.87
329.07
351.20
362.13
377.53
391.33
408.27
420.47
443.93
454.00
465.20
480.13
491.80
502.60
514.67
527.73
548.67
560.80
574.67
588.00
601.07
611.87
623.60
637.13
656.33
671.93
682.00
693.33
710.53
721.13
732.40
751.87
762.60
811.60
825.80
838.40
857.20
873.80
893.07
908.13
936.93
947.20
957.93
973.80
986.73
997.07
1007.87
1018.27
1028.33
1058.73
1070.73
1091.93
1105.27
1115.93
1130.80
1146.87
1167.73
1205.20
1248.20
1306.80
1318.80
1342.20
1356.53
1376.87
1387.80
