Dataset = Clemson(Dom GT Only); RollThresh [deg/sec] = 10.0; Time2Thresh [sec] = 8.0; Detections given in seconds from start of data
257.93
278.07
291.27
306.20
316.33
342.80
361.80
382.20
404.60
415.20
430.93
454.40
469.80
497.27
516.73
534.53
546.87
557.67
582.73
599.07
613.07
625.13
642.80
654.07
665.67
676.73
690.40
703.00
717.40
728.33
744.47
763.80
790.20
804.80
823.47
845.87
860.13
873.33
891.20
901.27
911.33
923.13
940.53
953.60
963.67
998.67
1012.07
1024.47
1036.13
1061.87
1088.20
1098.53
1109.27
1121.53
1137.40
1156.00
1173.07
1183.73
1194.33
1205.67
1219.87
1235.67
1247.80
1263.87
1277.33
1295.20
1307.87
1318.33
