Dataset = Clemson(Dom GT Only); RollThresh [deg/sec] = 10.0; Time2Thresh [sec] = 8.0; Detections given in seconds from start of data
77.00
90.07
110.13
120.20
138.20
153.60
176.33
191.80
203.07
233.07
248.80
271.67
301.47
318.07
331.73
347.93
358.00
369.20
382.00
395.93
408.67
436.00
446.07
456.93
468.27
480.00
505.47
527.53
537.73
552.33
562.40
574.13
589.13
599.60
613.00
623.87
634.73
645.93
656.27
666.73
679.53
689.67
710.27
721.33
738.73
770.13
803.80
820.27
840.67
856.67
874.07
886.80
900.40
911.33
921.40
936.93
948.07
968.93
1007.40
1023.60
1053.13
1069.80
1093.60
1112.07
1127.20
1143.40
1160.53
1183.40
1197.80
1218.67
1250.40
1264.07
