Dataset = Clemson(Dom GT Only); RollThresh [deg/sec] = 10.0; Time2Thresh [sec] = 8.0; Detections given in seconds from start of data
167.07
185.53
196.20
206.93
224.20
239.20
257.73
272.20
290.33
301.20
313.33
323.80
347.13
363.00
380.20
390.27
406.53
417.93
430.27
480.93
492.80
509.67
523.53
547.53
562.33
577.87
593.27
605.07
623.93
635.33
650.33
688.93
705.73
730.80
741.40
763.73
774.07
790.33
809.07
825.93
841.07
856.13
872.60
883.80
896.40
910.80
932.53
957.40
969.20
997.60
1009.27
1024.40
1043.87
1057.53
1079.27
1090.00
1111.27
1135.60
1145.87
1166.93
1178.27
1191.87
1205.87
1219.93
1231.27
1241.33
1256.87
1280.73
1294.87
1305.33
1319.80
1335.87
1346.47
1362.47
1375.20
1386.80
1402.53
1417.27
1428.87
1440.80
1456.27
1471.00
1483.07
1494.60
1528.73
1538.80
1551.80
1562.93
1578.07
1598.13
