Dataset = Clemson(Dom GT Only); RollThresh [deg/sec] = 10.0; Time2Thresh [sec] = 8.0; Detections given in seconds from start of data
203.47
216.60
236.20
248.80
272.07
283.33
294.60
307.07
317.73
359.87
373.00
385.40
399.40
409.47
423.07
435.40
445.53
470.40
482.60
493.33
505.00
518.80
529.93
549.53
568.00
579.20
597.13
622.73
654.07
681.47
720.87
733.00
753.33
763.47
774.20
794.33
804.40
816.20
829.53
842.00
853.53
871.13
886.27
903.40
915.27
925.33
947.80
967.60
979.07
989.80
1001.13
1017.07
1030.27
1046.13
1059.13
1071.53
1083.80
1093.87
1106.73
1117.00
1127.07
1147.47
1158.53
1170.93
1182.20
1194.20
1207.07
1220.07
1250.40
1274.47
