Dataset = Clemson(Dom GT Only); RollThresh [deg/sec] = 10.0; Time2Thresh [sec] = 8.0; Detections given in seconds from start of data
35.73
51.20
76.33
88.67
120.07
136.87
171.40
189.60
201.73
212.07
243.53
264.20
275.40
316.20
326.40
339.47
353.27
375.00
396.33
409.60
423.27
435.20
447.33
457.40
470.13
481.53
497.80
514.80
527.60
540.33
558.07
578.40
593.00
603.47
613.73
624.07
634.53
648.27
660.13
672.53
683.47
711.00
736.07
755.27
780.47
823.93
837.33
853.80
872.80
911.07
927.07
955.33
975.60
990.20
1028.87
1052.47
1067.80
1094.47
1106.87
1119.47
1129.60
1159.07
1170.00
1196.13
1210.07
1226.67
1239.67
1263.67
1289.00
1335.53
1352.80
1369.20
1388.07
1406.80
1450.20
1469.20
1479.27
1492.73
1534.40
1580.73
1600.27
1614.73
1625.47
1638.33
1686.87
1709.13
1738.80
