Dataset = Clemson(Dom GT Only); RollThresh [deg/sec] = 10.0; Time2Thresh [sec] = 8.0; Detections given in seconds from start of data
216.07
227.33
239.93
253.60
283.60
293.67
304.73
317.33
333.93
360.13
371.00
382.60
397.67
409.87
438.67
488.60
500.53
511.33
523.33
548.33
577.13
594.93
607.40
618.60
630.27
642.67
669.27
681.27
692.53
702.60
718.33
732.07
743.13
762.20
780.67
793.87
811.47
821.53
848.60
864.73
874.93
887.20
901.27
911.73
928.40
938.47
950.73
966.13
984.07
1023.73
1046.00
1089.47
1114.67
1137.07
1151.80
1164.00
1187.00
1216.00
1226.07
1236.40
1246.47
1264.73
1277.67
1296.60
1306.67
1321.40
1347.67
1361.20
1394.53
1409.20
1422.27
1433.13
1444.07
1460.33
